107674	5.45268e+07	275637	5.29e+06	2.02394
106915	5.40325e+07	274888	5.29e+06	2.32589
106550	5.45859e+07	274996	5.29e+06	2.01958
107443	5.46316e+07	275719	5.29e+06	2.2615
107487	5.53632e+07	276097	5.29e+06	1.9049
106787	5.35069e+07	273770	5.29e+06	2.03354
107633	5.47711e+07	275569	5.29e+06	1.96595
107338	5.4511e+07	275443	5.29e+06	2.18112
106792	5.507e+07	275989	5.29e+06	2.29837
106794	5.33899e+07	273684	5.29e+06	2.63104
106404	5.33862e+07	273486	5.29e+06	2.33011
107360	5.43444e+07	274860	5.29e+06	1.8601
107705	5.52771e+07	276015	5.29e+06	1.94176
107368	5.52966e+07	276061	5.29e+06	2.63834
107256	5.48015e+07	275551	5.29e+06	1.92666
106737	5.34748e+07	274341	5.29e+06	2.19533
107694	5.51152e+07	275989	5.29e+06	1.87622
107185	5.40067e+07	274706	5.29e+06	1.98861
106749	5.40554e+07	274870	5.29e+06	2.28736
107536	5.41671e+07	275273	5.29e+06	2.09946
106217	5.43345e+07	274694	5.29e+06	2.12198
107722	5.51922e+07	275997	5.29e+06	2.43046
107380	5.34592e+07	273567	5.29e+06	2.1879
106778	5.5113e+07	275777	5.29e+06	1.88032
106774	5.51004e+07	275971	5.29e+06	2.13299
107007	5.50353e+07	275889	5.29e+06	2.16256
107574	5.46285e+07	275055	5.29e+06	1.88019
107414	5.48474e+07	275827	5.29e+06	2.20544
107023	5.42141e+07	274368	5.29e+06	1.8153
107450	5.38176e+07	273551	5.29e+06	1.82656
106464	5.49617e+07	275223	5.29e+06	1.87776
107493	5.51083e+07	275759	5.29e+06	1.92896
106162	5.45809e+07	275140	5.29e+06	2.03149
106984	5.53597e+07	276079	5.29e+06	2.13312
107446	5.40234e+07	274961	5.29e+06	2.44045
106796	5.48324e+07	275845	5.29e+06	2.25485
107683	5.51944e+07	275997	5.29e+06	2.68365
107873	5.52762e+07	276115	5.29e+06	3.0551
108697	5.50934e+07	275989	5.29e+06	1.96608
107324	5.45457e+07	275619	5.29e+06	2.17434
107357	5.50396e+07	275889	5.29e+06	1.98208
107399	5.51745e+07	275989	5.29e+06	1.90566
107241	5.45553e+07	275065	5.29e+06	1.88685
107164	5.47569e+07	275709	5.29e+06	2.2784
107804	5.52963e+07	276115	5.29e+06	2.33574
107076	5.41467e+07	274115	5.29e+06	1.81491
107882	5.49767e+07	275889	5.29e+06	2.21389
106671	5.46265e+07	275147	5.29e+06	1.96582
106541	5.35087e+07	273540	5.29e+06	2.25664
107004	5.49897e+07	275544	5.29e+06	1.92051
107585	5.52979e+07	276115	5.29e+06	2.57984
107606	5.37493e+07	274399	5.29e+06	2.05926
107064	5.53644e+07	276115	5.29e+06	2.15309
106682	5.49823e+07	275677	5.29e+06	2.65523
107282	5.48728e+07	275439	5.29e+06	1.8871
106902	5.43949e+07	275417	5.29e+06	2.54886
106341	5.43276e+07	274829	5.29e+06	2.63962
107653	5.5125e+07	275989	5.29e+06	1.89043
106841	5.51544e+07	275989	5.29e+06	2.26445
108007	5.45964e+07	275543	5.29e+06	1.99373
106517	5.52646e+07	275997	5.29e+06	2.10458
106779	5.49795e+07	275664	5.29e+06	2.52352
107869	5.44619e+07	275486	5.29e+06	2.10573
107060	5.4084e+07	274425	5.29e+06	1.82541
107335	5.52218e+07	276015	5.29e+06	2.52506
106033	5.45108e+07	275269	5.29e+06	2.07283
107290	5.53503e+07	276115	5.29e+06	2.06067
107088	5.49029e+07	275141	5.29e+06	1.78893
107449	5.4667e+07	275543	5.29e+06	1.8551
107366	5.48673e+07	275863	5.29e+06	1.94317
107554	5.53008e+07	276097	5.29e+06	2.81984
106814	5.38648e+07	274204	5.29e+06	2.07002
106938	5.50274e+07	275586	5.29e+06	1.93382
106902	5.51467e+07	275989	5.29e+06	2.23782
107784	5.45458e+07	275443	5.29e+06	1.90963
106558	5.47738e+07	275482	5.29e+06	2.08346
107299	5.42239e+07	275148	5.29e+06	1.9383
108041	5.50905e+07	275989	5.29e+06	2.13709
107241	5.52297e+07	276015	5.29e+06	2.22323
107618	5.52045e+07	275897	5.29e+06	1.86842
106428	5.48354e+07	275651	5.29e+06	2.15078
107405	5.53274e+07	276115	5.29e+06	2.09562
107529	5.33147e+07	273146	5.29e+06	2.20621
106753	5.40779e+07	274997	5.29e+06	2.56282
106390	5.40548e+07	274785	5.29e+06	2.36288
106933	5.33499e+07	272571	5.29e+06	1.8231
107301	5.52372e+07	275997	5.29e+06	2.19162
107966	5.53089e+07	276079	5.29e+06	2.25229
107147	5.39999e+07	274658	5.29e+06	2.47642
106458	5.39432e+07	274897	5.29e+06	2.49075
106624	5.45503e+07	274871	5.29e+06	1.96826
105878	5.43601e+07	274167	5.29e+06	2.25139
106994	5.29354e+07	271427	5.29e+06	2.01651
107487	5.39206e+07	275165	5.29e+06	2.46413
106310	5.36431e+07	273131	5.29e+06	1.76627
107341	5.40736e+07	275140	5.29e+06	2.15834
107221	5.40625e+07	274813	5.29e+06	2.19994
106984	5.5342e+07	276097	5.29e+06	2.24499
107016	5.4916e+07	275720	5.29e+06	2.2057
107548	5.51546e+07	275795	5.29e+06	1.936
107104	5.32949e+07	272662	5.29e+06	2.0864
106493	5.45887e+07	275349	5.29e+06	2.27418
106632	5.52229e+07	275997	5.29e+06	2.76685
107043	5.43684e+07	275399	5.29e+06	2.04058
107379	5.48596e+07	275845	5.29e+06	2.22182
107019	5.34417e+07	272763	5.29e+06	2.14515
107428	5.47213e+07	274982	5.29e+06	1.8487
106758	5.43626e+07	275243	5.29e+06	2.0969
107729	5.50088e+07	275889	5.29e+06	2.12493
107601	5.38268e+07	274802	5.29e+06	2.43994
107132	5.45976e+07	273713	5.29e+06	1.79622
106460	5.42888e+07	274274	5.29e+06	1.89683
107323	5.4866e+07	275863	5.29e+06	2.10611
107148	5.50277e+07	275695	5.29e+06	1.8231
107625	5.47635e+07	275763	5.29e+06	2.47744
106156	5.50239e+07	275802	5.29e+06	2.37888
107324	5.48413e+07	275863	5.29e+06	2.37453
107629	5.52205e+07	275997	5.29e+06	2.26381
107417	5.44354e+07	275519	5.29e+06	2.17702
107484	5.44084e+07	274509	5.29e+06	1.76627
107373	5.44642e+07	275486	5.29e+06	2.10854
106734	5.42931e+07	274626	5.29e+06	1.97414
107392	5.44455e+07	275537	5.29e+06	2.34304
107117	5.34493e+07	272913	5.29e+06	2.0777
107210	5.4724e+07	275175	5.29e+06	1.92333
107798	5.52166e+07	276015	5.29e+06	2.42982
107264	5.51849e+07	275846	5.29e+06	1.84346
106866	5.45185e+07	275047	5.29e+06	1.94381
107126	5.48984e+07	275475	5.29e+06	1.94022
107104	5.53695e+07	276115	5.29e+06	2.0841
106796	5.487e+07	275457	5.29e+06	2.03277
106075	5.32431e+07	272177	5.29e+06	2.05402
107567	5.48066e+07	275845	5.29e+06	2.3424
106613	5.46577e+07	275349	5.29e+06	1.95853
107284	5.40165e+07	274450	5.29e+06	1.94125
107312	5.48819e+07	275863	5.29e+06	1.9648
106655	5.43772e+07	275223	5.29e+06	2.34394
107267	5.47646e+07	275569	5.29e+06	2.01408
107011	5.50492e+07	275595	5.29e+06	1.93459
106651	5.49774e+07	275544	5.29e+06	2.12186
107028	5.43988e+07	275039	5.29e+06	1.85088
107178	5.45435e+07	274594	5.29e+06	1.7888
106828	5.48777e+07	275669	5.29e+06	2.03443
107146	5.33988e+07	272746	5.29e+06	2.05952
107335	5.43763e+07	275386	5.29e+06	2.02765
106710	5.50657e+07	275613	5.29e+06	1.872
107076	5.52157e+07	275411	5.29e+06	1.83834
107248	5.40553e+07	274813	5.29e+06	2.09037
106736	5.45446e+07	275047	5.29e+06	1.9095
107590	5.50201e+07	275889	5.29e+06	2.1568
106876	5.29112e+07	271452	5.29e+06	2.5513
107421	5.52261e+07	275997	5.29e+06	2.28122
107925	5.41477e+07	275291	5.29e+06	2.08806
106588	5.48989e+07	274940	5.29e+06	1.94304
107707	5.4749e+07	275612	5.29e+06	1.97722
107474	5.38548e+07	274626	5.29e+06	2.4192
107060	5.38045e+07	274493	5.29e+06	2.13914
106427	5.40379e+07	274619	5.29e+06	2.50534
107583	5.52215e+07	276015	5.29e+06	2.06989
107534	5.4839e+07	275845	5.29e+06	2.20762
106202	5.34941e+07	273517	5.29e+06	2.2807
108173	5.48467e+07	275651	5.29e+06	1.9817
107497	5.44333e+07	275519	5.29e+06	2.12006
106228	5.44737e+07	274904	5.29e+06	2.24653
107636	5.45583e+07	275719	5.29e+06	2.55514
107069	5.31343e+07	272402	5.29e+06	2.09267
107147	5.3914e+07	274935	5.29e+06	2.34202
106679	5.50488e+07	275511	5.29e+06	1.87392
107359	5.535e+07	276115	5.29e+06	1.97875
106632	5.47101e+07	275469	5.29e+06	2.22349
105876	5.42035e+07	273537	5.29e+06	1.94906
107709	5.34296e+07	273324	5.29e+06	2.16384
106927	5.53094e+07	276043	5.29e+06	2.28045
107964	5.4799e+07	275745	5.29e+06	2.14912
107516	5.53266e+07	276079	5.29e+06	1.94317
108106	5.50932e+07	275989	5.29e+06	2.0023
106603	5.47663e+07	275367	5.29e+06	1.93869
105985	5.45891e+07	274199	5.29e+06	2.2423
107179	5.40717e+07	274803	5.29e+06	2.24346
106666	5.46773e+07	275663	5.29e+06	2.03328
107081	5.33152e+07	273249	5.29e+06	2.26189
107981	5.37201e+07	274310	5.29e+06	1.91962
106722	5.38056e+07	274493	5.29e+06	2.21427
106809	5.50751e+07	275759	5.29e+06	2.22221
107999	5.53425e+07	276097	5.29e+06	2.0048
106707	5.37036e+07	274276	5.29e+06	2.45504
107500	5.49306e+07	275577	5.29e+06	1.84653
106210	5.44801e+07	274645	5.29e+06	2.36378
106459	5.47786e+07	274888	5.29e+06	1.93357
107419	5.4668e+07	275663	5.29e+06	2.22195
106845	5.40436e+07	274371	5.29e+06	2.01184
107049	5.53112e+07	276115	5.29e+06	2.64166
107253	5.39347e+07	274259	5.29e+06	2.00282
107330	5.53635e+07	276115	5.29e+06	1.77549
108136	5.50332e+07	275889	5.29e+06	1.90554
107362	5.44814e+07	275468	5.29e+06	2.2272
107264	5.48536e+07	275863	5.29e+06	2.72499
106745	5.33623e+07	273641	5.29e+06	2.19827
107038	5.4572e+07	275568	5.29e+06	2.19981
106673	5.466e+07	274971	5.29e+06	1.82157
106602	5.50545e+07	275644	5.29e+06	2.08294
107861	5.42497e+07	275299	5.29e+06	2.72435
107576	5.52124e+07	275997	5.29e+06	2.62733
107084	5.52376e+07	276015	5.29e+06	2.13606
106956	5.43779e+07	275205	5.29e+06	2.03021
107023	5.30131e+07	272226	5.29e+06	2.32845
107447	5.50717e+07	275989	5.29e+06	2.16269
108064	5.49835e+07	275889	5.29e+06	2.20186
107357	5.46675e+07	275594	5.29e+06	2.12339
106287	5.342e+07	272734	5.29e+06	2.09946
107123	5.50178e+07	275374	5.29e+06	1.88134
107476	5.38384e+07	274289	5.29e+06	2.05606
107067	5.50502e+07	275989	5.29e+06	2.2473
108122	5.37681e+07	274712	5.29e+06	2.14221
107122	5.50915e+07	275971	5.29e+06	1.96006
107287	5.39996e+07	274828	5.29e+06	1.99654
106463	5.50479e+07	275173	5.29e+06	2.06438
107310	5.51853e+07	275864	5.29e+06	1.8793
106848	5.48315e+07	275669	5.29e+06	2.79744
107183	5.40369e+07	274813	5.29e+06	2.28262
106976	5.52177e+07	276015	5.29e+06	3.25018
105563	5.31e+07	273127	5.29e+06	2.1801
107042	5.53533e+07	276097	5.29e+06	2.17472
108185	5.52996e+07	276079	5.29e+06	2.24064
107745	5.32533e+07	273126	5.29e+06	2.09242
106871	5.48798e+07	275669	5.29e+06	2.00435
106892	5.49708e+07	275738	5.29e+06	2.12954
106652	5.52709e+07	276015	5.29e+06	2.14976
106957	5.34915e+07	273568	5.29e+06	2.15155
107155	5.47944e+07	275763	5.29e+06	2.21542
107468	5.53396e+07	276079	5.29e+06	1.98502
107860	5.43448e+07	275419	5.29e+06	2.43366
106757	5.40849e+07	273133	5.29e+06	1.78227
107267	5.46893e+07	275185	5.29e+06	1.93344
107760	5.48797e+07	275863	5.29e+06	1.93574
107067	5.52308e+07	275997	5.29e+06	2.56589
106394	5.44645e+07	274828	5.29e+06	2.03315
107996	5.45244e+07	273956	5.29e+06	1.7385
107224	5.46395e+07	275341	5.29e+06	1.94458
107093	5.52321e+07	275997	5.29e+06	2.1929
106869	5.29709e+07	271844	5.29e+06	2.39194
108049	5.47093e+07	274981	5.29e+06	1.80941
107191	5.52259e+07	276015	5.29e+06	2.79501
107944	5.39809e+07	274907	5.29e+06	2.23066
107313	5.47613e+07	275183	5.29e+06	1.8583
106978	5.38263e+07	274299	5.29e+06	2.06784
106594	5.50122e+07	275659	5.29e+06	2.2775
106862	5.4865e+07	275669	5.29e+06	2.03597
107631	5.47711e+07	275763	5.29e+06	2.18061
106940	5.41103e+07	274734	5.29e+06	1.92294
107220	5.4784e+07	275712	5.29e+06	2.1961
106997	5.34607e+07	273021	5.29e+06	2.12979
107498	5.47082e+07	275040	5.29e+06	1.84717
106518	5.4771e+07	275500	5.29e+06	2.62227
107863	5.42494e+07	275166	5.29e+06	1.92448
107951	5.47426e+07	275763	5.29e+06	2.55757
107064	5.40447e+07	274199	5.29e+06	1.88224
107282	5.4905e+07	275771	5.29e+06	2.24051
106526	5.47725e+07	275357	5.29e+06	2.12582
107503	5.48298e+07	275863	5.29e+06	2.88781
107124	5.38824e+07	274258	5.29e+06	1.99974
106248	5.50896e+07	275795	5.29e+06	2.2743
107463	5.45489e+07	275637	5.29e+06	2.18278
106552	5.43842e+07	275399	5.29e+06	1.97709
107384	5.47837e+07	275763	5.29e+06	2.40883
107140	5.48699e+07	275863	5.29e+06	2.27738
106939	5.37183e+07	273223	5.29e+06	1.85242
106588	5.5343e+07	276115	5.29e+06	2.30502
107679	5.41972e+07	273972	5.29e+06	1.77587
107124	5.53633e+07	276115	5.29e+06	1.92038
107651	5.47677e+07	275745	5.29e+06	2.2912
107223	5.40872e+07	274593	5.29e+06	1.89325
106488	5.48111e+07	275518	5.29e+06	2.1463
107055	5.44808e+07	275274	5.29e+06	1.95712
107384	5.34447e+07	273611	5.29e+06	2.0265
106897	5.45329e+07	274594	5.29e+06	1.87904
106732	5.50467e+07	275820	5.29e+06	2.33459
108442	5.50065e+07	275889	5.29e+06	2.09408
106758	5.46049e+07	275507	5.29e+06	2.25037
106287	5.39221e+07	274593	5.29e+06	2.02048
107425	5.5224e+07	276015	5.29e+06	1.97466
107127	5.45341e+07	273579	5.29e+06	1.76128
107696	5.48022e+07	275460	5.29e+06	1.81453
107035	5.43967e+07	275417	5.29e+06	2.18138
108042	5.47398e+07	275745	5.29e+06	2.08512
106419	5.47149e+07	274701	5.29e+06	1.99693
107583	5.53094e+07	276115	5.29e+06	2.09869
107363	5.52652e+07	276015	5.29e+06	2.1129
107151	5.53606e+07	276115	5.29e+06	2.10816
106950	5.45005e+07	273933	5.29e+06	1.8016
106978	5.49983e+07	275889	5.29e+06	2.20019
106937	5.43066e+07	274442	5.29e+06	1.86867
107738	5.49261e+07	275475	5.29e+06	1.81338
107023	5.44954e+07	275637	5.29e+06	2.34394
105886	5.37217e+07	273821	5.29e+06	2.18355
106396	5.43226e+07	275054	5.29e+06	2.12531
107380	5.41427e+07	275291	5.29e+06	2.23872
107199	5.41054e+07	274852	5.29e+06	1.8295
106537	5.48643e+07	274670	5.29e+06	1.88954
107733	5.52978e+07	276097	5.29e+06	2.32474
107914	5.43942e+07	275417	5.29e+06	2.01613
106798	5.48446e+07	275408	5.29e+06	1.90848
107199	5.39354e+07	274399	5.29e+06	1.93562
106729	5.46264e+07	275165	5.29e+06	1.96646
106279	5.50252e+07	275695	5.29e+06	2.16666
105971	5.44348e+07	274249	5.29e+06	2.91878
106649	5.47873e+07	275367	5.29e+06	1.83603
107614	5.45447e+07	275619	5.29e+06	2.18394
107248	5.52269e+07	276015	5.29e+06	2.54758
106144	5.4411e+07	275029	5.29e+06	2.73958
105999	5.39401e+07	273141	5.29e+06	2.15296
106610	5.40254e+07	274359	5.29e+06	1.97875
106335	5.4266e+07	274636	5.29e+06	2.39181
106015	5.48639e+07	275439	5.29e+06	2.06605
107694	5.44849e+07	275619	5.29e+06	2.39283
107436	5.46288e+07	275525	5.29e+06	2.01626
106984	5.34838e+07	273119	5.29e+06	2.05094
107735	5.42362e+07	274529	5.29e+06	1.82528
107074	5.4675e+07	275612	5.29e+06	2.09574
106183	5.52715e+07	275511	5.29e+06	2.31693
107022	5.50636e+07	273749	5.29e+06	1.76128
107347	5.43994e+07	275417	5.29e+06	1.9296
107853	5.44549e+07	275468	5.29e+06	2.07949
107638	5.49089e+07	275587	5.29e+06	1.91552
106818	5.50068e+07	275871	5.29e+06	2.33638
107415	5.47713e+07	275763	5.29e+06	2.18918
106844	5.50765e+07	275759	5.29e+06	2.10918
107929	5.37997e+07	274273	5.29e+06	1.97414
106892	5.45526e+07	275198	5.29e+06	1.97312
107105	5.4017e+07	274543	5.29e+06	1.83078
106989	5.4375e+07	275174	5.29e+06	2.01728
106612	5.52605e+07	275946	5.29e+06	2.48115
107810	5.47074e+07	275166	5.29e+06	1.81325
107543	5.49852e+07	275889	5.29e+06	3.18298
107862	5.51021e+07	275971	5.29e+06	1.93306
106932	5.52331e+07	275997	5.29e+06	2.35648
107061	5.47926e+07	275569	5.29e+06	2.00845
107195	5.50239e+07	275687	5.29e+06	1.95763
107373	5.46414e+07	275543	5.29e+06	1.93037
107025	5.49142e+07	275738	5.29e+06	2.22989
107102	5.53022e+07	276097	5.29e+06	2.51315
106392	5.42792e+07	274972	5.29e+06	2.11034
107675	5.43832e+07	275243	5.29e+06	1.86291
107172	5.45832e+07	275443	5.29e+06	1.95418
107053	5.49606e+07	275738	5.29e+06	2.10522
106590	5.53247e+07	276097	5.29e+06	2.29082
106929	5.46006e+07	275701	5.29e+06	2.29926
107115	5.42879e+07	275317	5.29e+06	2.21235
107096	5.32386e+07	272562	5.29e+06	1.95942
107272	5.48867e+07	275669	5.29e+06	1.94163
107575	5.51075e+07	275759	5.29e+06	1.86214
107268	5.52283e+07	275997	5.29e+06	2.3616
106716	5.34194e+07	271318	5.29e+06	2.04698
107027	5.4207e+07	274332	5.29e+06	1.89261
107943	5.47423e+07	275040	5.29e+06	1.79162
107191	5.474e+07	275727	5.29e+06	2.34074
107289	5.4953e+07	275486	5.29e+06	1.89453
106958	5.50951e+07	275989	5.29e+06	2.05504
107422	5.4631e+07	275525	5.29e+06	2.07501
106489	5.47994e+07	275316	5.29e+06	2.18035
106766	5.44285e+07	274998	5.29e+06	1.95085
106880	5.42559e+07	275166	5.29e+06	1.89517
107452	5.40475e+07	273752	5.29e+06	1.80582
106918	5.47655e+07	275072	5.29e+06	1.88621
107246	5.49869e+07	275889	5.29e+06	2.39309
107257	5.47835e+07	275385	5.29e+06	1.90438
106650	5.40976e+07	275140	5.29e+06	2.00691
107388	5.52024e+07	276015	5.29e+06	2.99123
106627	5.40478e+07	274619	5.29e+06	1.90131
106591	5.50641e+07	275728	5.29e+06	2.01971
107497	5.48486e+07	275845	5.29e+06	2.13696
106563	5.50864e+07	275795	5.29e+06	2.00832
107601	5.4079e+07	275109	5.29e+06	1.94982
107172	5.34815e+07	273728	5.29e+06	1.9552
107042	5.50941e+07	275989	5.29e+06	2.01882
106564	5.51966e+07	275864	5.29e+06	2.21594
108013	5.49668e+07	275889	5.29e+06	2.21363
107731	5.39155e+07	274971	5.29e+06	2.29402
107385	5.52164e+07	275997	5.29e+06	2.29158
106415	5.37848e+07	274197	5.29e+06	2.03546
106037	5.40514e+07	274591	5.29e+06	2.03187
106853	5.46545e+07	275525	5.29e+06	1.96954
107556	5.53031e+07	276115	5.29e+06	2.26714
107047	5.53169e+07	276115	5.29e+06	2.1897
105922	5.41412e+07	273963	5.29e+06	1.80506
106957	5.38806e+07	274626	5.29e+06	2.02458
106923	5.53414e+07	276115	5.29e+06	2.37043
106264	5.46793e+07	275418	5.29e+06	2.19584
106186	5.3524e+07	274188	5.29e+06	1.85459
107556	5.45987e+07	275737	5.29e+06	2.04966
106885	5.4789e+07	275694	5.29e+06	2.18522
106341	5.40727e+07	274979	5.29e+06	2.12352
107911	5.51853e+07	275997	5.29e+06	2.03238
106260	5.34365e+07	273224	5.29e+06	2.3712
107777	5.52961e+07	276115	5.29e+06	2.44083
107087	5.47903e+07	275712	5.29e+06	2.00627
106920	5.49625e+07	275871	5.29e+06	2.00499
107574	5.48144e+07	275863	5.29e+06	2.0727
106933	5.45144e+07	275443	5.29e+06	2.0032
100 generations
107106	5.48601e+07	275863	5.29e+06	2.28262
106809	5.41744e+07	274688	5.29e+06	2.04813
106541	5.42767e+07	274911	5.29e+06	2.14963
106940	5.35871e+07	273770	5.29e+06	2.60557
106096	5.36e+07	272595	5.29e+06	2.0768
106712	5.50583e+07	275460	5.29e+06	1.93958
106537	5.49811e+07	275738	5.29e+06	2.33882
106896	5.43423e+07	274888	5.29e+06	1.95418
107297	5.53371e+07	276115	5.29e+06	2.27802
107553	5.40636e+07	274813	5.29e+06	1.98976
106408	5.44989e+07	274267	5.29e+06	1.88032
107693	5.53195e+07	275964	5.29e+06	1.91386
107290	5.42912e+07	275317	5.29e+06	2.1513
106361	5.44755e+07	274417	5.29e+06	1.98643
107077	5.4773e+07	275569	5.29e+06	2.01101
107700	5.37824e+07	274536	5.29e+06	1.95635
107241	5.5308e+07	276115	5.29e+06	2.53222
107186	5.51009e+07	275971	5.29e+06	2.13741
107014	5.51919e+07	275864	5.29e+06	2.10906
107177	5.45091e+07	275443	5.29e+06	2.10355
107098	5.34001e+07	273366	5.29e+06	1.94995
107173	5.48981e+07	275863	5.29e+06	2.08435
106795	5.46285e+07	275543	5.29e+06	2.61824
107025	5.46445e+07	274720	5.29e+06	1.77267
107098	5.36028e+07	274357	5.29e+06	2.0503
106898	5.50924e+07	275989	5.29e+06	2.3264
106188	5.50849e+07	275777	5.29e+06	2.03648
107516	5.46459e+07	275359	5.29e+06	1.9607
106876	5.3479e+07	271629	5.29e+06	1.9328
106170	5.39247e+07	272896	5.29e+06	2.35814
106526	5.40355e+07	274609	5.29e+06	2.04736
107791	5.52273e+07	275997	5.29e+06	2.13043
107685	5.5086e+07	275935	5.29e+06	2.18368
107040	5.37722e+07	274526	5.29e+06	2.06272
106119	5.31565e+07	272695	5.29e+06	2.7456
107125	5.43576e+07	273982	5.29e+06	1.76538
106855	5.47556e+07	275418	5.29e+06	1.87686
106542	5.41604e+07	274849	5.29e+06	2.88
107367	5.4286e+07	274921	5.29e+06	1.90323
107047	5.40508e+07	274583	5.29e+06	1.89414
107003	5.47248e+07	275612	5.29e+06	2.13056
106798	5.39258e+07	274381	5.29e+06	2.09587
108081	5.52054e+07	275997	5.29e+06	2.56896
106505	5.35898e+07	272493	5.29e+06	2.06976
107493	5.44305e+07	274837	5.29e+06	1.7897
106974	5.40232e+07	274805	5.29e+06	2.11251
106122	5.3916e+07	272858	5.29e+06	2.3255
107835	5.52349e+07	276015	5.29e+06	2.1911
106087	5.48803e+07	275123	5.29e+06	2.5641
106699	5.42986e+07	274745	5.29e+06	2.08282
107802	5.50333e+07	275953	5.29e+06	2.98317
108292	5.44868e+07	275619	5.29e+06	2.2839
106713	5.49227e+07	275486	5.29e+06	2.15283
107332	5.47931e+07	275745	5.29e+06	2.27968
106402	5.44364e+07	273576	5.29e+06	1.90643
107259	5.42148e+07	274821	5.29e+06	1.85805
106929	5.40605e+07	275140	5.29e+06	2.54362
107654	5.50654e+07	275953	5.29e+06	2.36147
106667	5.33777e+07	271187	5.29e+06	2.02739
106825	5.36691e+07	273973	5.29e+06	2.09805
106282	5.45306e+07	274594	5.29e+06	2.04378
108004	5.50985e+07	275971	5.29e+06	2.09434
106218	5.43726e+07	274855	5.29e+06	2.47898
107237	5.46118e+07	275512	5.29e+06	2.72525
106918	5.44491e+07	275292	5.29e+06	2.38464
106960	5.33951e+07	273771	5.29e+06	2.19546
107423	5.50826e+07	275935	5.29e+06	2.2231
108061	5.4799e+07	275763	5.29e+06	1.95392
106996	5.49481e+07	275871	5.29e+06	2.7369
107076	5.52512e+07	276015	5.29e+06	2.03226
106650	5.506e+07	275779	5.29e+06	2.08205
106613	5.4803e+07	275339	5.29e+06	1.80838
107355	5.52419e+07	276015	5.29e+06	2.04237
106155	5.43521e+07	274231	5.29e+06	2.32576
107061	5.47915e+07	275551	5.29e+06	1.9392
107319	5.49971e+07	275889	5.29e+06	1.99347
107078	5.39517e+07	274897	5.29e+06	2.12646
107072	5.48477e+07	275597	5.29e+06	2.07859
106764	5.42613e+07	274880	5.29e+06	2.30426
106675	5.49673e+07	275720	5.29e+06	2.48781
107609	5.49885e+07	275889	5.29e+06	2.56653
106629	5.4521e+07	275425	5.29e+06	2.3616
107185	5.41357e+07	275291	5.29e+06	2.19674
106716	5.49228e+07	275789	5.29e+06	2.1344
106924	5.44551e+07	275325	5.29e+06	1.93958
107736	5.48801e+07	275845	5.29e+06	1.9232
106504	5.38396e+07	274248	5.29e+06	2.1664
106791	5.43282e+07	273436	5.29e+06	1.81235
106234	5.40723e+07	273545	5.29e+06	1.90899
106667	5.45172e+07	275407	5.29e+06	2.13056
107402	5.35566e+07	274090	5.29e+06	2.50918
106885	5.4872e+07	275569	5.29e+06	1.984
106509	5.50205e+07	275677	5.29e+06	2.11891
106858	5.41574e+07	274877	5.29e+06	2.54925
107844	5.31643e+07	272982	5.29e+06	2.07142
106311	5.3377e+07	273641	5.29e+06	2.11021
107573	5.35265e+07	273400	5.29e+06	1.88403
107566	5.45569e+07	275407	5.29e+06	1.95552
107771	5.45983e+07	275208	5.29e+06	1.78816
107179	5.53095e+07	276061	5.29e+06	2.35622
106324	5.40977e+07	273952	5.29e+06	2.19955
107277	5.53285e+07	276115	5.29e+06	2.52442
106909	5.4695e+07	275469	5.29e+06	2.13018
107538	5.42523e+07	274788	5.29e+06	1.83104
107271	5.50007e+07	275871	5.29e+06	2.16858
107863	5.43997e+07	275417	5.29e+06	2.12442
106422	5.39816e+07	273882	5.29e+06	1.95469
107372	5.44618e+07	274652	5.29e+06	1.78701
107275	5.53665e+07	276115	5.29e+06	2.06694
106281	5.4534e+07	274802	5.29e+06	2.29606
107253	5.50184e+07	275889	5.29e+06	2.0448
106291	5.37495e+07	272856	5.29e+06	1.98298
107483	5.41782e+07	274913	5.29e+06	1.92653
106086	5.39449e+07	273349	5.29e+06	1.9753
106246	5.42484e+07	274141	5.29e+06	2.24589
106543	5.43446e+07	275171	5.29e+06	2.16883
107040	5.5046e+07	275971	5.29e+06	2.54131
106278	5.48463e+07	274687	5.29e+06	2.04506
106488	5.32666e+07	272938	5.29e+06	2.39322
107237	5.44157e+07	275537	5.29e+06	2.43136
106637	5.36857e+07	273686	5.29e+06	2.15142
107008	5.44518e+07	275274	5.29e+06	2.31027
106737	5.49189e+07	275702	5.29e+06	2.22694
106349	5.48504e+07	275485	5.29e+06	2.36416
107395	5.49739e+07	275871	5.29e+06	2.30912
106834	5.50218e+07	275889	5.29e+06	2.17587
106774	5.43288e+07	275248	5.29e+06	2.10406
106423	5.45868e+07	275149	5.29e+06	2.65779
107107	5.47584e+07	274921	5.29e+06	1.76294
107953	5.5224e+07	275997	5.29e+06	2.36621
106228	5.38399e+07	273082	5.29e+06	2.05478
107519	5.52922e+07	276061	5.29e+06	2.10125
106402	5.39642e+07	274509	5.29e+06	2.11571
107811	5.47115e+07	275558	5.29e+06	1.92512
107009	5.52497e+07	276015	5.29e+06	2.23782
106217	5.37246e+07	273282	5.29e+06	2.35136
107337	5.53115e+07	276115	5.29e+06	2.2633
107285	5.41693e+07	274913	5.29e+06	2.06733
107715	5.38424e+07	274960	5.29e+06	2.00307
106817	5.46895e+07	275663	5.29e+06	2.21811
106445	5.47624e+07	275367	5.29e+06	2.44224
107408	5.5298e+07	276115	5.29e+06	2.06886
106999	5.3965e+07	275022	5.29e+06	2.26509
106748	5.53009e+07	276097	5.29e+06	2.43379
107148	5.48787e+07	275669	5.29e+06	1.90694
106228	5.3932e+07	273349	5.29e+06	2.23002
107465	5.52262e+07	275997	5.29e+06	2.32013
107566	5.44234e+07	275343	5.29e+06	2.36326
106856	5.36081e+07	274127	5.29e+06	2.12326
107150	5.42407e+07	275217	5.29e+06	2.47718
107590	5.51005e+07	275971	5.29e+06	2.26394
106783	5.39516e+07	273643	5.29e+06	1.88339
107232	5.4636e+07	275543	5.29e+06	1.96147
106723	5.50444e+07	275586	5.29e+06	2.10662
106898	5.41823e+07	273686	5.29e+06	1.80813
107240	5.50877e+07	275838	5.29e+06	1.8752
106753	5.42669e+07	274929	5.29e+06	2.39219
107270	5.53392e+07	276115	5.29e+06	2.23027
107181	5.43981e+07	275399	5.29e+06	2.49318
106625	5.48746e+07	275669	5.29e+06	2.19302
107519	5.44214e+07	275008	5.29e+06	1.9104
108184	5.35904e+07	273971	5.29e+06	2.12813
107109	5.5317e+07	276079	5.29e+06	2.25242
107199	5.49962e+07	275889	5.29e+06	2.18982
106114	5.32208e+07	271643	5.29e+06	2.8809
107106	5.35358e+07	274331	5.29e+06	2.58765
106896	5.41671e+07	274914	5.29e+06	2.1847
107209	5.48607e+07	275845	5.29e+06	2.11021
107672	5.45606e+07	275568	5.29e+06	2.19162
106743	5.44105e+07	275243	5.29e+06	2.19174
106528	5.48579e+07	275475	5.29e+06	2.04045
106580	5.32781e+07	271971	5.29e+06	2.10278
106835	5.48581e+07	275669	5.29e+06	2.22861
107144	5.50046e+07	275889	5.29e+06	2.31616
106365	5.44335e+07	274947	5.29e+06	2.73024
106920	5.41548e+07	274903	5.29e+06	2.19315
106649	5.48272e+07	275518	5.29e+06	2.2336
107549	5.50152e+07	275871	5.29e+06	1.90003
107057	5.43453e+07	275417	5.29e+06	2.49971
107343	5.52508e+07	276015	5.29e+06	2.14093
106883	5.52307e+07	276015	5.29e+06	2.25382
106534	5.49439e+07	275595	5.29e+06	2.39078
108078	5.47809e+07	275569	5.29e+06	1.95507
107482	5.44224e+07	275343	5.29e+06	2.42189
106390	5.50639e+07	275644	5.29e+06	2.14438
106361	5.37527e+07	273182	5.29e+06	2.02726
107377	5.44409e+07	275537	5.29e+06	2.11008
106651	5.46822e+07	275469	5.29e+06	2.41408
107088	5.4209e+07	275199	5.29e+06	1.95763
106756	5.49939e+07	275889	5.29e+06	2.36787
107080	5.50232e+07	275853	5.29e+06	2.14797
107160	5.51021e+07	275989	5.29e+06	2.05299
107181	5.46481e+07	275543	5.29e+06	1.82144
107190	5.32196e+07	272432	5.29e+06	1.91834
107414	5.47791e+07	275763	5.29e+06	1.99091
106728	5.4872e+07	275485	5.29e+06	2.16154
107174	5.42909e+07	275248	5.29e+06	2.36442
106092	5.42815e+07	273619	5.29e+06	2.11789
106353	5.44684e+07	275040	5.29e+06	2.28864
107374	5.47608e+07	275569	5.29e+06	2.00819
107091	5.50728e+07	275971	5.29e+06	2.27021
106787	5.4318e+07	275266	5.29e+06	2.53683
106512	5.34774e+07	273667	5.29e+06	2.0919
106625	5.44027e+07	274317	5.29e+06	1.84115
106135	5.40344e+07	273418	5.29e+06	2.27712
106657	5.4259e+07	274713	5.29e+06	1.97286
107064	5.48613e+07	275845	5.29e+06	2.39027
106962	5.47089e+07	275469	5.29e+06	1.89862
106601	5.42621e+07	274863	5.29e+06	2.19469
107166	5.53707e+07	276115	5.29e+06	2.06938
106283	5.47569e+07	275072	5.29e+06	2.01357
107079	5.42189e+07	275148	5.29e+06	2.31053
106802	5.36435e+07	273312	5.29e+06	2.01357
106833	5.40296e+07	274601	5.29e+06	2.29581
107755	5.40194e+07	275173	5.29e+06	2.71731
106500	5.33386e+07	270328	5.29e+06	2.11597
107395	5.44074e+07	275317	5.29e+06	2.07808
106655	5.43731e+07	274378	5.29e+06	1.86304
107219	5.52177e+07	275864	5.29e+06	2.03379
106805	5.43444e+07	274878	5.29e+06	1.92742
106402	5.42938e+07	274621	5.29e+06	2.09408
107809	5.52024e+07	275997	5.29e+06	2.8439
107073	5.44319e+07	275325	5.29e+06	2.35469
107337	5.51444e+07	275971	5.29e+06	2.02458
106431	5.39548e+07	274501	5.29e+06	1.93997
107487	5.49679e+07	275871	5.29e+06	2.13734
106775	5.40588e+07	274342	5.29e+06	1.89837
107388	5.47473e+07	275745	5.29e+06	2.90765
107446	5.48253e+07	275863	5.29e+06	2.75123
107298	5.41371e+07	274849	5.29e+06	1.96301
107273	5.50607e+07	275838	5.29e+06	1.9561
107466	5.44516e+07	275601	5.29e+06	2.38016
107439	5.52965e+07	276015	5.29e+06	2.01408
106611	5.3972e+07	274299	5.29e+06	1.87341
106051	5.44189e+07	274468	5.29e+06	2.17421
106351	5.46497e+07	274568	5.29e+06	2.00525
107483	5.44579e+07	275049	5.29e+06	1.92026
107346	5.51105e+07	275989	5.29e+06	1.96262
107888	5.50719e+07	275971	5.29e+06	2.1335
107306	5.53204e+07	276115	5.29e+06	2.30106
107849	5.52399e+07	275997	5.29e+06	2.00717
106452	5.45267e+07	275443	5.29e+06	2.08691
107018	5.36406e+07	272701	5.29e+06	1.84115
107472	5.5225e+07	275846	5.29e+06	1.82605
106091	5.37624e+07	274021	5.29e+06	2.54874
107012	5.42081e+07	275023	5.29e+06	2.12723
107225	5.4615e+07	275543	5.29e+06	2.40282
106691	5.36691e+07	274449	5.29e+06	2.12614
106230	5.45999e+07	275349	5.29e+06	2.1001
107278	5.4416e+07	274695	5.29e+06	1.82758
106887	5.4404e+07	275141	5.29e+06	2.00614
107372	5.5311e+07	276079	5.29e+06	2.3369
106639	5.48768e+07	275457	5.29e+06	1.93101
106876	5.50437e+07	275802	5.29e+06	2.13325
106253	5.43022e+07	273712	5.29e+06	2.08653
106190	5.34275e+07	272494	5.29e+06	2.29683
106959	5.42262e+07	274954	5.29e+06	2.3223
106757	5.43967e+07	274809	5.29e+06	1.97734
105554	5.34479e+07	272531	5.29e+06	2.12096
106704	5.4247e+07	274501	5.29e+06	1.83014
107093	5.53478e+07	276115	5.29e+06	2.31373
106094	5.45628e+07	274983	5.29e+06	2.2272
107614	5.51005e+07	275971	5.29e+06	2.08486
106844	5.48336e+07	275669	5.29e+06	2.6729
107844	5.50928e+07	275953	5.29e+06	2.05811
107391	5.35994e+07	273938	5.29e+06	2.15194
106422	5.42797e+07	274636	5.29e+06	2.25357
107277	5.53277e+07	276097	5.29e+06	2.11738
106972	5.43722e+07	274980	5.29e+06	2.00986
107009	5.4286e+07	274022	5.29e+06	1.81299
106923	5.42239e+07	274972	5.29e+06	2.41088
106948	5.47995e+07	275551	5.29e+06	2.05907
107478	5.43818e+07	275417	5.29e+06	2.47296
107233	5.47856e+07	275763	5.29e+06	2.36992
106497	5.52467e+07	275813	5.29e+06	2.37862
106452	5.50193e+07	275572	5.29e+06	1.94176
106859	5.47797e+07	275694	5.29e+06	2.26637
106178	5.43799e+07	274633	5.29e+06	2.08563
107401	5.46897e+07	275663	5.29e+06	2.07757
106831	5.41428e+07	274877	5.29e+06	2.63398
105988	5.47018e+07	274569	5.29e+06	2.16986
106402	5.42987e+07	275115	5.29e+06	2.01293
106469	5.45331e+07	275249	5.29e+06	2.06989
107758	5.48746e+07	275863	5.29e+06	1.97005
108197	5.48562e+07	275827	5.29e+06	2.06925
107012	5.4845e+07	275669	5.29e+06	2.25779
107866	5.5099e+07	275971	5.29e+06	2.16602
107575	5.46001e+07	275543	5.29e+06	2.30554
107044	5.42762e+07	275317	5.29e+06	2.43955
106888	5.5094e+07	275795	5.29e+06	2.09894
106342	5.47882e+07	275375	5.29e+06	1.90925
106448	5.50448e+07	275644	5.29e+06	1.99718
107374	5.51071e+07	275989	5.29e+06	2.03968
107194	5.32948e+07	272978	5.29e+06	2.14746
107284	5.40447e+07	275064	5.29e+06	2.34086
105934	5.43496e+07	273647	5.29e+06	2.24538
107385	5.52046e+07	275997	5.29e+06	2.62861
107921	5.53578e+07	276115	5.29e+06	1.88813
107305	5.42703e+07	274856	5.29e+06	1.95725
107725	5.50889e+07	275935	5.29e+06	2.05312
106577	5.42035e+07	274617	5.29e+06	2.16346
106282	5.42137e+07	274148	5.29e+06	2.1687
106692	5.46399e+07	275349	5.29e+06	1.94611
106153	5.39921e+07	273787	5.29e+06	2.16653
107089	5.43923e+07	274620	5.29e+06	1.86035
107013	5.4871e+07	275863	5.29e+06	2.25523
107089	5.46184e+07	275331	5.29e+06	2.05773
106908	5.39205e+07	274695	5.29e+06	2.47053
107952	5.53341e+07	276097	5.29e+06	1.91424
106947	5.42412e+07	274713	5.29e+06	2.17818
106816	5.48166e+07	275482	5.29e+06	2.00986
106399	5.4878e+07	275669	5.29e+06	2.59072
107337	5.48339e+07	275863	5.29e+06	2.22541
106433	5.48358e+07	275475	5.29e+06	2.14566
106904	5.35341e+07	273058	5.29e+06	2.06541
107006	5.48582e+07	275633	5.29e+06	2.0711
106758	5.50673e+07	275989	5.29e+06	2.3401
106849	5.33306e+07	273726	5.29e+06	2.29901
106137	5.42336e+07	273895	5.29e+06	2.23834
107361	5.44161e+07	275223	5.29e+06	2.02483
107319	5.48828e+07	275863	5.29e+06	1.83693
107063	5.47684e+07	275569	5.29e+06	2.08294
107406	5.51724e+07	275897	5.29e+06	1.91462
105783	5.43635e+07	273007	5.29e+06	2.20122
106418	5.41684e+07	273989	5.29e+06	2.01613
106730	5.3585e+07	273057	5.29e+06	1.88378
106844	5.48538e+07	275651	5.29e+06	2.1911
106865	5.53243e+07	276097	5.29e+06	2.31501
106340	5.37826e+07	274112	5.29e+06	2.02496
106240	5.48785e+07	275141	5.29e+06	2.04134
106351	5.41008e+07	274489	5.29e+06	2.21773
107736	5.45288e+07	275601	5.29e+06	2.13069
107408	5.52859e+07	276079	5.29e+06	3.18054
107192	5.41098e+07	273965	5.29e+06	1.73824
107088	5.53478e+07	276115	5.29e+06	2.58086
105684	5.44113e+07	274463	5.29e+06	2.0169
107445	5.48307e+07	275845	5.29e+06	2.95347
106435	5.42238e+07	274742	5.29e+06	2.18547
107177	5.42849e+07	275317	5.29e+06	2.26573
107602	5.44088e+07	275417	5.29e+06	2.00883
106991	5.49843e+07	275871	5.29e+06	2.28122
106634	5.48191e+07	275518	5.29e+06	2.58086
107420	5.48033e+07	275569	5.29e+06	1.95021
107113	5.46364e+07	275737	5.29e+06	2.096
106779	5.30151e+07	272928	5.29e+06	1.9753
105978	5.42199e+07	274400	5.29e+06	2.53901
107093	5.487e+07	275863	5.29e+06	2.08781
106271	5.41486e+07	274300	5.29e+06	2.19597
106157	5.38463e+07	272824	5.29e+06	2.08832
106798	5.51053e+07	275795	5.29e+06	2.03866
107340	5.50548e+07	275160	5.29e+06	1.75949
107459	5.5294e+07	276115	5.29e+06	2.37043
107522	5.41549e+07	274903	5.29e+06	2.14067
106166	5.28456e+07	270443	5.29e+06	2.36262
107351	5.48367e+07	275633	5.29e+06	2.04467
106664	5.49985e+07	275568	5.29e+06	2.02413
106560	5.47588e+07	275155	5.29e+06	1.93818
106328	5.50126e+07	275626	5.29e+06	2.23309
106670	5.42799e+07	274903	5.29e+06	2.08384
106295	5.38892e+07	273783	5.29e+06	2.25792
106417	5.4474e+07	275241	5.29e+06	2.87386
106443	5.36928e+07	274191	5.29e+06	1.9008
106712	5.41836e+07	274964	5.29e+06	2.49344
106409	5.42982e+07	274640	5.29e+06	2.2743
107039	5.47665e+07	275569	5.29e+06	2.10534
106420	5.40934e+07	273903	5.29e+06	1.96813
106620	5.47972e+07	275518	5.29e+06	2.64806
106812	5.41576e+07	274785	5.29e+06	2.19802
106422	5.45636e+07	274820	5.29e+06	1.97082
106415	5.46968e+07	274284	5.29e+06	1.9657
106969	5.53231e+07	276097	5.29e+06	2.14502
107400	5.46094e+07	275525	5.29e+06	2.06835
106021	5.35508e+07	273174	5.29e+06	2.53965
108216	5.43825e+07	275417	5.29e+06	2.28326
107412	5.50471e+07	275971	5.29e+06	2.46886
107840	5.47124e+07	274269	5.29e+06	1.76
107327	5.43935e+07	275003	5.29e+06	1.93344
106776	5.32687e+07	272316	5.29e+06	2.35661
106534	5.50998e+07	275777	5.29e+06	1.97043
107010	5.46657e+07	275543	5.29e+06	1.95341
106621	5.44636e+07	275274	5.29e+06	1.78995
106894	5.49667e+07	275820	5.29e+06	1.86368
107270	5.27656e+07	271277	5.29e+06	2.12301
107478	5.52924e+07	276115	5.29e+06	1.93075
107207	5.32307e+07	273377	5.29e+06	2.05862
106197	5.48621e+07	275475	5.29e+06	2.17216
106741	5.49032e+07	275789	5.29e+06	1.87072
107193	5.52264e+07	276015	5.29e+06	2.1975
105980	5.39842e+07	273324	5.29e+06	1.95866
106269	5.40447e+07	274759	5.29e+06	2.27462
107439	5.46007e+07	275737	5.29e+06	1.96749
107382	5.38425e+07	274830	5.29e+06	2.11046
105994	5.39521e+07	273961	5.29e+06	2.34931
106827	5.48599e+07	275689	5.29e+06	2.09178
106551	5.50082e+07	275871	5.29e+06	2.16
107904	5.52758e+07	276097	5.29e+06	2.21005
106557	5.51176e+07	275989	5.29e+06	2.18778
106339	5.43708e+07	274871	5.29e+06	2.24
107572	5.49907e+07	275889	5.29e+06	1.87802
107030	5.36849e+07	274467	5.29e+06	1.8057
106771	5.4841e+07	275669	5.29e+06	2.26202
108196	5.50255e+07	275953	5.29e+06	2.15757
107665	5.49485e+07	275889	5.29e+06	2.31142
107981	5.52203e+07	276015	5.29e+06	1.93408
106618	5.37716e+07	274342	5.29e+06	2.19802
106753	5.4765e+07	275551	5.29e+06	2.44774
106706	5.5336e+07	276097	5.29e+06	1.92026
108207	5.48135e+07	275863	5.29e+06	2.30413
106609	5.4842e+07	275669	5.29e+06	2.3095
106948	5.38582e+07	274802	5.29e+06	1.90208
107419	5.47526e+07	275763	5.29e+06	2.1257
106461	5.43709e+07	275174	5.29e+06	2.1129
200 generations
107524	5.41965e+07	275217	5.29e+06	2.18202
105849	5.40364e+07	274029	5.29e+06	2.39949
107067	5.48188e+07	275324	5.29e+06	1.88774
106399	5.45708e+07	274384	5.29e+06	1.8743
106085	5.38149e+07	274159	5.29e+06	2.81421
106894	5.49423e+07	274637	5.29e+06	1.77318
107590	5.42936e+07	275493	5.29e+06	2.1481
107443	5.52414e+07	275813	5.29e+06	1.73594
107128	5.50844e+07	275989	5.29e+06	2.3136
107720	5.50867e+07	275989	5.29e+06	2.03379
106933	5.39676e+07	274004	5.29e+06	1.96787
107611	5.49733e+07	275889	5.29e+06	2.5719
107755	5.45742e+07	275443	5.29e+06	1.93702
107324	5.53421e+07	276097	5.29e+06	2.12045
107868	5.50627e+07	275989	5.29e+06	2.34765
107818	5.53414e+07	276097	5.29e+06	1.96685
106294	5.43582e+07	274435	5.29e+06	1.8784
107268	5.52306e+07	275997	5.29e+06	2.49011
107056	5.4747e+07	275224	5.29e+06	1.8711
107113	5.53007e+07	275946	5.29e+06	1.85728
107110	5.47064e+07	275451	5.29e+06	1.91514
107476	5.45498e+07	274762	5.29e+06	1.85229
106515	5.39925e+07	273878	5.29e+06	2.04186
106830	5.42762e+07	275123	5.29e+06	2.32858
107448	5.51014e+07	275989	5.29e+06	2.17498
107127	5.50121e+07	275835	5.29e+06	2.22368
106737	5.37217e+07	273932	5.29e+06	1.90451
107618	5.52375e+07	275997	5.29e+06	1.92307
107090	5.43377e+07	273695	5.29e+06	1.81773
106412	5.41688e+07	273241	5.29e+06	1.89709
107232	5.42733e+07	275317	5.29e+06	2.14861
108040	5.44253e+07	274537	5.29e+06	1.81798
106978	5.4618e+07	274636	5.29e+06	1.81517
107230	5.53629e+07	276115	5.29e+06	2.25869
106375	5.47625e+07	275331	5.29e+06	2.83814
106475	5.3818e+07	273870	5.29e+06	2.02752
107215	5.49967e+07	275889	5.29e+06	2.15974
106502	5.50698e+07	275838	5.29e+06	2.12762
106531	5.39091e+07	274215	5.29e+06	2.36915
106244	5.42699e+07	274778	5.29e+06	2.0128
107239	5.48623e+07	275863	5.29e+06	2.0832
107999	5.47656e+07	275763	5.29e+06	2.36531
107290	5.53373e+07	276115	5.29e+06	2.18266
107119	5.35632e+07	273357	5.29e+06	2.06643
107283	5.45469e+07	275443	5.29e+06	2.18675
107215	5.53593e+07	276097	5.29e+06	1.95853
106403	5.43208e+07	274820	5.29e+06	1.98797
107356	5.45085e+07	275425	5.29e+06	2.05414
107069	5.44324e+07	274820	5.29e+06	1.90093
106345	5.47146e+07	275216	5.29e+06	2.09139
106878	5.29094e+07	271343	5.29e+06	2.38426
106738	5.43633e+07	275174	5.29e+06	2.33888
106962	5.40175e+07	274072	5.29e+06	1.88646
107259	5.53012e+07	276097	5.29e+06	2.37645
106660	5.49506e+07	275526	5.29e+06	2.13952
107461	5.33169e+07	272781	5.29e+06	1.98746
107797	5.52785e+07	276079	5.29e+06	2.70963
106164	5.35619e+07	272998	5.29e+06	2.11763
107884	5.53249e+07	276115	5.29e+06	2.10419
107901	5.49014e+07	275669	5.29e+06	1.81184
106900	5.35982e+07	273461	5.29e+06	2.04762
107207	5.47871e+07	275569	5.29e+06	2.04685
107215	5.47946e+07	275694	5.29e+06	2.15603
106342	5.41395e+07	274709	5.29e+06	2.27622
107485	5.52719e+07	275910	5.29e+06	1.88275
106778	5.47094e+07	274587	5.29e+06	1.9241
107414	5.51936e+07	275997	5.29e+06	2.17651
106414	5.3586e+07	273443	5.29e+06	2.08179
108043	5.38107e+07	274475	5.29e+06	1.95277
107014	5.44098e+07	274998	5.29e+06	1.92525
107386	5.53053e+07	276115	5.29e+06	2.71757
107434	5.5094e+07	275989	5.29e+06	2.19059
107250	5.48496e+07	275651	5.29e+06	2.05414
106717	5.36317e+07	273910	5.29e+06	1.91974
107272	5.36246e+07	274217	5.29e+06	2.28493
107099	5.40877e+07	274716	5.29e+06	2.1664
108261	5.48831e+07	275863	5.29e+06	1.94035
107328	5.4958e+07	275055	5.29e+06	1.85293
107374	5.50887e+07	275971	5.29e+06	2.01754
106657	5.45067e+07	275029	5.29e+06	2.13734
106694	5.42262e+07	274821	5.29e+06	1.92589
106172	5.33665e+07	271833	5.29e+06	2.464
106487	5.47632e+07	275367	5.29e+06	2.17728
107422	5.45367e+07	275443	5.29e+06	2.22426
106038	5.5188e+07	275375	5.29e+06	2.04992
105690	5.4138e+07	272889	5.29e+06	2.32128
106692	5.50339e+07	275889	5.29e+06	2.17536
106735	5.39291e+07	274040	5.29e+06	2.17242
106464	5.33562e+07	271813	5.29e+06	2.16461
108438	5.47736e+07	275763	5.29e+06	2.17485
106302	5.41171e+07	274079	5.29e+06	2.00371
106663	5.37292e+07	272723	5.29e+06	1.96723
105937	5.38236e+07	273948	5.29e+06	2.41702
107202	5.44357e+07	274460	5.29e+06	1.87814
107168	5.52428e+07	275997	5.29e+06	2.34394
106691	5.41346e+07	274821	5.29e+06	2.21952
107164	5.53315e+07	276097	5.29e+06	2.33728
106623	5.45581e+07	275055	5.29e+06	2.0233
107485	5.51151e+07	275989	5.29e+06	2.04621
106832	5.38554e+07	274105	5.29e+06	2.01318
107071	5.42681e+07	274305	5.29e+06	1.85395
107713	5.43037e+07	275317	5.29e+06	2.03725
107198	5.47468e+07	274235	5.29e+06	1.7248
106009	5.40736e+07	273410	5.29e+06	2.00218
106880	5.43597e+07	273648	5.29e+06	1.86266
106526	5.40577e+07	274223	5.29e+06	1.88992
106813	5.4294e+07	275299	5.29e+06	1.9392
106773	5.41629e+07	274719	5.29e+06	1.99718
106534	5.37388e+07	273040	5.29e+06	1.99437
106746	5.46351e+07	274451	5.29e+06	1.91194
106564	5.49317e+07	275720	5.29e+06	2.20032
107297	5.52959e+07	276097	5.29e+06	2.28454
108238	5.53177e+07	275964	5.29e+06	1.88672
106613	5.33827e+07	272889	5.29e+06	2.18432
106354	5.358e+07	273242	5.29e+06	2.0105
107691	5.48244e+07	275671	5.29e+06	2.11072
106459	5.42198e+07	273361	5.29e+06	1.94099
106539	5.44365e+07	275040	5.29e+06	2.51123
107891	5.53372e+07	276115	5.29e+06	2.06426
106393	5.40953e+07	273913	5.29e+06	1.99693
106221	5.49371e+07	275090	5.29e+06	1.98643
106198	5.47983e+07	275191	5.29e+06	1.99514
106723	5.50714e+07	275989	5.29e+06	2.5865
106756	5.46041e+07	275359	5.29e+06	2.46733
106904	5.45953e+07	275543	5.29e+06	2.61773
107167	5.34177e+07	272621	5.29e+06	2.04787
106939	5.31062e+07	272050	5.29e+06	2.30438
106861	5.37733e+07	274324	5.29e+06	2.17651
106459	5.48471e+07	275669	5.29e+06	2.37363
108017	5.44018e+07	273553	5.29e+06	1.80762
107862	5.50412e+07	275971	5.29e+06	2.23322
106921	5.40607e+07	274619	5.29e+06	2.35136
107372	5.51229e+07	275971	5.29e+06	2.05939
107052	5.51098e+07	275795	5.29e+06	1.84371
106231	5.35898e+07	273296	5.29e+06	2.09382
107267	5.46053e+07	274820	5.29e+06	1.84346
107227	5.47257e+07	275576	5.29e+06	1.87174
107279	5.47112e+07	275594	5.29e+06	2.06707
107097	5.34358e+07	273948	5.29e+06	2.07949
106794	5.51951e+07	275864	5.29e+06	2.01958
106657	5.4143e+07	274670	5.29e+06	2.22259
107950	5.52801e+07	276115	5.29e+06	2.46925
106348	5.4881e+07	275273	5.29e+06	2.1911
107002	5.50592e+07	275853	5.29e+06	1.9191
106973	5.53425e+07	276097	5.29e+06	2.09997
106630	5.38973e+07	273997	5.29e+06	1.96864
106456	5.30419e+07	270822	5.29e+06	2.39834
106515	5.43323e+07	275072	5.29e+06	2.66586
106682	5.45396e+07	275356	5.29e+06	2.43558
106263	5.36632e+07	273745	5.29e+06	2.08128
107110	5.48737e+07	275669	5.29e+06	2.04416
106847	5.47933e+07	275712	5.29e+06	2.18509
106930	5.4773e+07	275569	5.29e+06	2.12557
106474	5.49398e+07	275544	5.29e+06	2.33267
106714	5.36684e+07	274123	5.29e+06	2.20314
107559	5.47791e+07	275745	5.29e+06	2.24077
107365	5.48513e+07	275651	5.29e+06	1.93971
106191	5.46083e+07	275147	5.29e+06	2.12096
107530	5.53133e+07	276115	5.29e+06	2.22963
106457	5.51132e+07	275915	5.29e+06	2.49485
106527	5.45107e+07	274835	5.29e+06	2.10419
106743	5.35155e+07	272857	5.29e+06	2.15322
106420	5.41463e+07	274379	5.29e+06	2.25587
107202	5.49316e+07	275587	5.29e+06	1.93062
107652	5.45542e+07	275198	5.29e+06	1.86227
105991	5.41578e+07	274627	5.29e+06	2.47552
106162	5.44572e+07	274066	5.29e+06	2.05261
107086	5.45853e+07	274533	5.29e+06	1.84397
107374	5.5236e+07	275997	5.29e+06	2.20096
106474	5.32029e+07	272428	5.29e+06	1.9753
107607	5.38574e+07	274248	5.29e+06	2.03789
106775	5.48529e+07	275651	5.29e+06	2.34982
106967	5.51e+07	275989	5.29e+06	2.39654
106942	5.52787e+07	275946	5.29e+06	1.91629
107785	5.41796e+07	275237	5.29e+06	2.38605
107516	5.46093e+07	275392	5.29e+06	1.95302
106886	5.4889e+07	275669	5.29e+06	2.12736
107106	5.43672e+07	274417	5.29e+06	1.81376
107204	5.45606e+07	275550	5.29e+06	2.2336
106670	5.37215e+07	272226	5.29e+06	1.86342
107400	5.38771e+07	274710	5.29e+06	2.00064
107368	5.35988e+07	271822	5.29e+06	1.88493
106766	5.43708e+07	274057	5.29e+06	1.85216
107782	5.48607e+07	274771	5.29e+06	1.79136
107397	5.53076e+07	276115	5.29e+06	2.41395
107191	5.49937e+07	275889	5.29e+06	2.61824
106573	5.39791e+07	273619	5.29e+06	1.88915
107072	5.406e+07	274694	5.29e+06	2.0864
107319	5.41423e+07	275079	5.29e+06	2.17677
107189	5.35433e+07	273323	5.29e+06	1.92768
107874	5.456e+07	275443	5.29e+06	1.91757
106475	5.51514e+07	275410	5.29e+06	2.12762
106742	5.36102e+07	273778	5.29e+06	1.96288
107529	5.53554e+07	276115	5.29e+06	2.06938
106218	5.44554e+07	274148	5.29e+06	2.10099
107079	5.36877e+07	274273	5.29e+06	2.15603
106962	5.47539e+07	275745	5.29e+06	2.27533
107372	5.50728e+07	275989	5.29e+06	2.3968
106761	5.53683e+07	276115	5.29e+06	2.10995
107127	5.47314e+07	275763	5.29e+06	2.42931
107827	5.50676e+07	275971	5.29e+06	2.51136
107875	5.49723e+07	275871	5.29e+06	2.45568
107693	5.52954e+07	276115	5.29e+06	2.21363
108119	5.48097e+07	275712	5.29e+06	2.09587
107014	5.49358e+07	275720	5.29e+06	2.10509
106590	5.47361e+07	275418	5.29e+06	2.05274
106776	5.49368e+07	275595	5.29e+06	2.07578
106471	5.45756e+07	274165	5.29e+06	1.8281
107271	5.5004e+07	275871	5.29e+06	2.03187
107040	5.48705e+07	275863	5.29e+06	2.31155
106705	5.46619e+07	274475	5.29e+06	1.90426
107000	5.35907e+07	273492	5.29e+06	1.91501
107170	5.45976e+07	274618	5.29e+06	1.86317
107423	5.34221e+07	274139	5.29e+06	2.32576
107172	5.48573e+07	275669	5.29e+06	2.0457
107409	5.4883e+07	275669	5.29e+06	1.94598
108010	5.41946e+07	275148	5.29e+06	2.33293
107278	5.3877e+07	274350	5.29e+06	2.11251
106673	5.32248e+07	273404	5.29e+06	2.37005
107505	5.50989e+07	275989	5.29e+06	2.18048
107489	5.37483e+07	273259	5.29e+06	1.88237
107219	5.46104e+07	274961	5.29e+06	1.88774
107617	5.32863e+07	272997	5.29e+06	1.99104
106621	5.44535e+07	275040	5.29e+06	2.31488
106444	5.38769e+07	273852	5.29e+06	2.39258
106425	5.45367e+07	274382	5.29e+06	1.86432
106293	5.4294e+07	274996	5.29e+06	2.12198
106962	5.50876e+07	275935	5.29e+06	2.10637
108052	5.49649e+07	275871	5.29e+06	2.23347
107020	5.38964e+07	274777	5.29e+06	2.27315
107665	5.44676e+07	275072	5.29e+06	1.90067
107101	5.39283e+07	274224	5.29e+06	2.07475
107521	5.52331e+07	276015	5.29e+06	2.23296
106931	5.34541e+07	273932	5.29e+06	2.24781
107851	5.47725e+07	275727	5.29e+06	2.12557
106982	5.35761e+07	273948	5.29e+06	1.99283
106535	5.48525e+07	275457	5.29e+06	2.22106
106483	5.41823e+07	274821	5.29e+06	2.1975
106916	5.51139e+07	275953	5.29e+06	2.35379
105650	5.47007e+07	274771	5.29e+06	2.03046
107058	5.49088e+07	275475	5.29e+06	1.91629
107085	5.49537e+07	275595	5.29e+06	2.00576
106905	5.40957e+07	274928	5.29e+06	2.16678
107354	5.50295e+07	275889	5.29e+06	2.13811
106173	5.39924e+07	274119	5.29e+06	2.09882
107895	5.42028e+07	275342	5.29e+06	2.22003
107004	5.40424e+07	274611	5.29e+06	1.91206
107907	5.51128e+07	275443	5.29e+06	1.7271
106991	5.53263e+07	276115	5.29e+06	2.46093
106665	5.44052e+07	275029	5.29e+06	2.0791
106640	5.42156e+07	274669	5.29e+06	1.94406
106271	5.40264e+07	273576	5.29e+06	1.98874
108135	5.4935e+07	275468	5.29e+06	1.79046
107873	5.48534e+07	275671	5.29e+06	1.93075
107250	5.49247e+07	275771	5.29e+06	1.9392
106949	5.45559e+07	275249	5.29e+06	1.91078
105975	5.36584e+07	273036	5.29e+06	2.55258
106959	5.48134e+07	275293	5.29e+06	1.85805
107161	5.48403e+07	275651	5.29e+06	2.1312
106676	5.53684e+07	276115	5.29e+06	2.14362
106404	5.34176e+07	272374	5.29e+06	2.2496
106387	5.47783e+07	275375	5.29e+06	2.2304
107170	5.41031e+07	273127	5.29e+06	1.82656
107428	5.50884e+07	275971	5.29e+06	2.08589
107992	5.44045e+07	274889	5.29e+06	1.8359
106560	5.35608e+07	274502	5.29e+06	2.2889
107322	5.472e+07	275612	5.29e+06	2.0375
106846	5.48838e+07	275651	5.29e+06	2.20339
106829	5.47724e+07	275694	5.29e+06	2.51238
106723	5.42351e+07	273493	5.29e+06	1.86656
107123	5.40331e+07	272152	5.29e+06	1.84064
106849	5.50692e+07	275644	5.29e+06	1.84192
107339	5.5346e+07	276115	5.29e+06	2.1472
107344	5.49848e+07	275871	5.29e+06	2.28595
106711	5.37339e+07	272451	5.29e+06	1.95738
107352	5.51811e+07	275997	5.29e+06	2.82547
107902	5.38254e+07	273678	5.29e+06	1.88518
108003	5.43325e+07	275317	5.29e+06	2.02099
106730	5.53327e+07	276097	5.29e+06	2.50522
107407	5.3312e+07	273415	5.29e+06	1.99437
106652	5.35211e+07	273683	5.29e+06	2.08934
107377	5.46393e+07	275737	5.29e+06	2.1344
107385	5.40946e+07	275140	5.29e+06	2.08986
106868	5.43519e+07	275399	5.29e+06	2.04595
106649	5.46026e+07	275155	5.29e+06	2.08525
106913	5.4867e+07	275651	5.29e+06	2.13965
107862	5.48779e+07	275638	5.29e+06	1.90886
106928	5.39326e+07	274583	5.29e+06	2.0489
107812	5.45906e+07	275140	5.29e+06	1.76371
106469	5.38394e+07	272410	5.29e+06	1.93562
107153	5.42442e+07	275105	5.29e+06	2.31808
107157	5.53683e+07	276115	5.29e+06	1.94125
106435	5.52029e+07	275543	5.29e+06	2.09408
106806	5.48707e+07	275669	5.29e+06	2.25254
107374	5.42679e+07	275115	5.29e+06	2.26765
107358	5.44893e+07	274896	5.29e+06	1.8903
106890	5.4482e+07	274241	5.29e+06	1.84422
106673	5.47796e+07	275569	5.29e+06	2.46835
107079	5.48595e+07	275669	5.29e+06	2.05568
107169	5.50442e+07	275511	5.29e+06	1.91578
107527	5.36046e+07	274114	5.29e+06	2.05645
106365	5.32909e+07	272921	5.29e+06	2.41587
106632	5.50436e+07	275626	5.29e+06	2.03059
106638	5.33011e+07	273072	5.29e+06	2.67328
106977	5.50274e+07	275644	5.29e+06	2.0247
106375	5.35059e+07	272671	5.29e+06	2.03648
107576	5.45613e+07	275637	5.29e+06	1.95059
106395	5.51919e+07	275846	5.29e+06	2.49126
108015	5.48234e+07	275676	5.29e+06	2.02163
107321	5.39168e+07	272957	5.29e+06	1.88186
107670	5.45743e+07	274956	5.29e+06	1.83539
107682	5.48138e+07	275845	5.29e+06	2.15066
107272	5.50951e+07	275989	5.29e+06	2.2103
106956	5.41306e+07	274691	5.29e+06	2.1655
107349	5.34036e+07	273100	5.29e+06	1.92614
107842	5.52146e+07	276015	5.29e+06	2.34214
107735	5.52419e+07	276015	5.29e+06	2.12992
107237	5.48079e+07	275845	5.29e+06	2.38656
107120	5.53576e+07	276115	5.29e+06	2.29555
107425	5.532e+07	276115	5.29e+06	2.3319
107662	5.50735e+07	275191	5.29e+06	1.77562
106758	5.45487e+07	275269	5.29e+06	1.96134
106558	5.40073e+07	272788	5.29e+06	1.85766
106556	5.4994e+07	275241	5.29e+06	2.016
107591	5.39789e+07	273090	5.29e+06	1.80282
107060	5.5007e+07	275586	5.29e+06	2.00282
107189	5.50364e+07	275568	5.29e+06	1.96915
107651	5.51155e+07	275989	5.29e+06	1.95635
106570	5.46472e+07	275469	5.29e+06	2.67379
106113	5.42709e+07	273947	5.29e+06	2.04672
106923	5.4e+07	274594	5.29e+06	2.01766
106254	5.39861e+07	274141	5.29e+06	2.1033
105501	5.42083e+07	273946	5.29e+06	2.23744
105970	5.4439e+07	274947	5.29e+06	2.12813
107128	5.51236e+07	275989	5.29e+06	2.02854
107233	5.50808e+07	275989	5.29e+06	2.2167
106896	5.39106e+07	274565	5.29e+06	2.07514
107199	5.50072e+07	275838	5.29e+06	2.20237
107327	5.38147e+07	274274	5.29e+06	2.04467
107792	5.37094e+07	274467	5.29e+06	1.91936
106531	5.38386e+07	274032	5.29e+06	2.09523
108134	5.391e+07	273348	5.29e+06	1.86662
107806	5.47859e+07	275763	5.29e+06	2.18534
107437	5.53153e+07	276097	5.29e+06	2.08934
107050	5.38728e+07	274626	5.29e+06	2.37197
107104	5.5201e+07	276015	5.29e+06	2.51648
107118	5.43308e+07	274367	5.29e+06	1.90899
107311	5.50938e+07	275777	5.29e+06	1.82451
106342	5.41063e+07	273947	5.29e+06	1.96147
107405	5.53533e+07	276097	5.29e+06	2.0023
106460	5.42068e+07	274415	5.29e+06	1.9104
105868	5.40587e+07	273735	5.29e+06	2.27469
106245	5.48864e+07	275475	5.29e+06	2.14131
107931	5.48879e+07	275206	5.29e+06	1.77818
107060	5.43425e+07	273705	5.29e+06	1.87418
106659	5.42582e+07	274236	5.29e+06	1.87622
107020	5.42516e+07	274260	5.29e+06	1.90963
107874	5.4164e+07	274888	5.29e+06	1.98349
107553	5.30563e+07	272258	5.29e+06	2.04096
107446	5.44595e+07	275417	5.29e+06	2.25946
107488	5.49424e+07	275789	5.29e+06	2.01382
106949	5.33213e+07	273436	5.29e+06	2.21581
107560	5.39978e+07	275040	5.29e+06	2.49152
106960	5.51061e+07	275989	5.29e+06	2.07066
106624	5.44927e+07	274417	5.29e+06	1.86406
106764	5.44896e+07	275149	5.29e+06	1.96186
106972	5.48003e+07	275763	5.29e+06	2.40346
106047	5.3961e+07	274317	5.29e+06	2.22528
106491	5.46061e+07	275313	5.29e+06	2.07539
106427	5.51524e+07	275897	5.29e+06	2.42125
107437	5.36292e+07	272662	5.29e+06	1.72083
107340	5.4957e+07	274982	5.29e+06	1.856
106243	5.43216e+07	274595	5.29e+06	2.21888
108285	5.5406e+07	276115	5.29e+06	1.90144
107281	5.37352e+07	274577	5.29e+06	2.11174
107182	5.50216e+07	275838	5.29e+06	2.21261
107860	5.42932e+07	275123	5.29e+06	2.04173
106005	5.441e+07	273874	5.29e+06	2.17267
107690	5.44682e+07	275292	5.29e+06	1.82733
107168	5.48895e+07	275669	5.29e+06	1.9959
107630	5.40129e+07	273732	5.29e+06	1.89581
107538	5.504e+07	275889	5.29e+06	2.0169
106779	5.37184e+07	273997	5.29e+06	2.18509
107805	5.45306e+07	275619	5.29e+06	2.24339
106850	5.50466e+07	275871	5.29e+06	2.05491
106492	5.45201e+07	275037	5.29e+06	2.06054
106527	5.48106e+07	275518	5.29e+06	2.25856
107541	5.49805e+07	275889	5.29e+06	2.05274
108143	5.47979e+07	275712	5.29e+06	2.1248
106904	5.46874e+07	274770	5.29e+06	1.88646
107574	5.5099e+07	275989	5.29e+06	2.02611
107798	5.51073e+07	275971	5.29e+06	1.9945
107272	5.40358e+07	274852	5.29e+06	2.24371
106728	5.47526e+07	275375	5.29e+06	2.02586
108029	5.37078e+07	274781	5.29e+06	2.16614
107123	5.40912e+07	274881	5.29e+06	2.57715
107347	5.26592e+07	272497	5.29e+06	2.25677
107255	5.50459e+07	275889	5.29e+06	1.86163
106689	5.37364e+07	274577	5.29e+06	2.36314
107254	5.40689e+07	274686	5.29e+06	1.82477
107262	5.4167e+07	274719	5.29e+06	1.88058
106874	5.50585e+07	275889	5.29e+06	1.95226
107332	5.52197e+07	275997	5.29e+06	2.34522
106582	5.50314e+07	275442	5.29e+06	2.06387
106441	5.35681e+07	273202	5.29e+06	2.1335
106638	5.46612e+07	275415	5.29e+06	2.10086
107078	5.41798e+07	274719	5.29e+06	1.9881
107168	5.43941e+07	274661	5.29e+06	1.89914
106859	5.49383e+07	275771	5.29e+06	2.08858
107460	5.48805e+07	275669	5.29e+06	1.90336
106981	5.40709e+07	274619	5.29e+06	2.0873
107423	5.50009e+07	275889	5.29e+06	2.12685
106429	5.39718e+07	274123	5.29e+06	2.08346
107455	5.44905e+07	275463	5.29e+06	2.1472
105927	5.39217e+07	273401	5.29e+06	2.72986
106801	5.39655e+07	274062	5.29e+06	2.19123
106600	5.50302e+07	275493	5.29e+06	2.192
106476	5.50836e+07	275741	5.29e+06	1.93472
106906	5.45832e+07	275525	5.29e+06	2.08845
107239	5.53319e+07	276097	5.29e+06	2.12941
106222	5.45784e+07	275004	5.29e+06	2.16589
107771	5.4386e+07	275593	5.29e+06	2.00115
107397	5.49221e+07	275771	5.29e+06	2.0119
107525	5.4376e+07	275039	5.29e+06	1.91398
106402	5.48123e+07	275457	5.29e+06	3.1527
107341	5.48509e+07	275306	5.29e+06	1.8176
106161	5.34216e+07	273045	5.29e+06	2.24435
106860	5.37833e+07	273040	5.29e+06	1.88698
107414	5.51085e+07	275971	5.29e+06	1.98067
107213	5.53421e+07	276115	5.29e+06	2.31539
105851	5.42746e+07	274090	5.29e+06	2.20122
106063	5.50588e+07	275191	5.29e+06	2.1495
106076	5.39734e+07	274315	5.29e+06	2.11302
106847	5.5304e+07	276079	5.29e+06	2.34086
106784	5.43993e+07	275325	5.29e+06	2.30938
107596	5.4753e+07	274989	5.29e+06	1.83514
106892	5.46282e+07	275719	5.29e+06	2.1952
106594	5.42178e+07	274593	5.29e+06	2.06131
107054	5.5012e+07	275493	5.29e+06	1.98515
107534	5.48091e+07	275367	5.29e+06	1.85587
106827	5.31638e+07	272954	5.29e+06	2.05107
107667	5.46356e+07	275359	5.29e+06	1.85638
107416	5.52406e+07	276015	5.29e+06	2.28442
107222	5.53429e+07	276097	5.29e+06	2.04006
107143	5.48238e+07	275518	5.29e+06	1.94854
107117	5.40572e+07	274803	5.29e+06	2.50189
106443	5.49465e+07	275241	5.29e+06	2.11366
106521	5.47137e+07	275216	5.29e+06	1.87046
107713	5.35977e+07	272418	5.29e+06	1.89862
107922	5.51003e+07	275971	5.29e+06	1.99526
107341	5.51987e+07	275997	5.29e+06	2.32422
107082	5.41149e+07	274281	5.29e+06	1.81837
107138	5.45427e+07	274550	5.29e+06	1.89235
107066	5.3288e+07	273082	5.29e+06	2.13363
107929	5.43763e+07	275593	5.29e+06	2.43635
107742	5.53656e+07	276097	5.29e+06	1.90797
106318	5.33121e+07	273071	5.29e+06	2.5239
106441	5.49564e+07	275526	5.29e+06	2.42714
107379	5.50748e+07	275971	5.29e+06	2.26509
107704	5.4843e+07	275863	5.29e+06	1.95379
106960	5.43231e+07	273184	5.29e+06	1.86317
107002	5.49515e+07	275789	5.29e+06	2.03507
106711	5.39427e+07	274728	5.29e+06	2.3895
106739	5.4699e+07	275257	5.29e+06	2.03034
106794	5.39923e+07	274410	5.29e+06	2.02944
107620	5.44019e+07	275039	5.29e+06	1.90682
107212	5.44517e+07	274478	5.29e+06	1.8871
107339	5.47403e+07	275745	5.29e+06	2.30995
106552	5.39369e+07	274123	5.29e+06	2.36531
107197	5.35778e+07	273947	5.29e+06	1.92154
107124	5.49952e+07	275871	5.29e+06	2.28506
106324	5.45935e+07	275129	5.29e+06	2.59802
107295	5.50163e+07	275871	5.29e+06	2.01062
106603	5.48744e+07	275669	5.29e+06	2.23821
107193	5.53318e+07	276079	5.29e+06	2.03942
106722	5.31928e+07	273043	5.29e+06	2.25562
107266	5.44316e+07	273184	5.29e+06	1.81171
106382	5.41005e+07	274803	5.29e+06	2.2743
106945	5.37753e+07	274130	5.29e+06	1.93664
106088	5.3666e+07	273709	5.29e+06	2.00333
106828	5.46045e+07	275543	5.29e+06	2.0169
106962	5.49284e+07	275771	5.29e+06	2.19904
107397	5.52934e+07	276097	5.29e+06	2.45798
106767	5.46047e+07	275369	5.29e+06	2.15962
106362	5.44824e+07	275274	5.29e+06	2.1865
106204	5.46004e+07	275137	5.29e+06	1.99475
106780	5.45818e+07	275374	5.29e+06	1.89338
107240	5.48461e+07	275863	5.29e+06	2.19149
106822	5.4305e+07	275317	5.29e+06	2.04582
106565	5.44622e+07	275241	5.29e+06	2.40333
106817	5.47756e+07	275569	5.29e+06	2.16128
107310	5.53206e+07	276115	5.29e+06	2.36557
108223	5.50322e+07	275971	5.29e+06	1.92653
106814	5.49818e+07	275802	5.29e+06	2.31654
106517	5.39928e+07	274575	5.29e+06	2.0512
107322	5.38129e+07	274871	5.29e+06	2.09549
107155	5.42688e+07	275123	5.29e+06	2.29011
106764	5.43152e+07	275266	5.29e+06	2.40384
107576	5.39106e+07	274953	5.29e+06	2.05274
107543	5.48026e+07	275827	5.29e+06	2.17971
106894	5.34449e+07	273694	5.29e+06	2.1033
105833	5.48067e+07	274853	5.29e+06	2.31501
107209	5.40713e+07	274946	5.29e+06	2.00294
107036	5.44156e+07	275501	5.29e+06	2.25997
107075	5.5069e+07	275953	5.29e+06	2.064
107413	5.34116e+07	273486	5.29e+06	2.27123
106606	5.41851e+07	275023	5.29e+06	1.96659
107189	5.48498e+07	275845	5.29e+06	2.23104
106409	5.48826e+07	275475	5.29e+06	2.22042
106185	5.5243e+07	276015	5.29e+06	1.95584
106684	5.28973e+07	271240	5.29e+06	2.1815
106312	5.42601e+07	274929	5.29e+06	2.29146
106873	5.45053e+07	275443	5.29e+06	2.48794
108024	5.49683e+07	275871	5.29e+06	2.08102
106431	5.39999e+07	274583	5.29e+06	2.64883
107401	5.45626e+07	275719	5.29e+06	2.42778
106668	5.48008e+07	275485	5.29e+06	1.92538
107221	5.53121e+07	276097	5.29e+06	2.15616
300 generations
106816	5.35049e+07	273830	5.29e+06	2.41946
106910	5.48291e+07	275584	5.29e+06	2.08538
107311	5.45601e+07	275586	5.29e+06	2.39373
106872	5.50076e+07	275889	5.29e+06	2.35776
107318	5.51006e+07	275644	5.29e+06	1.85741
107361	5.46201e+07	275701	5.29e+06	2.1641
107352	5.53589e+07	276115	5.29e+06	1.9639
107243	5.46348e+07	275525	5.29e+06	1.96326
106919	5.48648e+07	275669	5.29e+06	2.00819
106179	5.43886e+07	275223	5.29e+06	2.49946
105662	5.51213e+07	275846	5.29e+06	2.71866
107609	5.40545e+07	274578	5.29e+06	1.94125
106870	5.45606e+07	275249	5.29e+06	2.1687
107835	5.50831e+07	275989	5.29e+06	2.03917
108034	5.44329e+07	275325	5.29e+06	2.0329
106412	5.49595e+07	275577	5.29e+06	1.96506
106634	5.37782e+07	274461	5.29e+06	2.15821
107193	5.49914e+07	275889	5.29e+06	2.83379
107479	5.38886e+07	274756	5.29e+06	2.19494
107087	5.48563e+07	275863	5.29e+06	2.30182
107072	5.45865e+07	275525	5.29e+06	2.30579
106612	5.48918e+07	274940	5.29e+06	1.86778
107478	5.50776e+07	275989	5.29e+06	2.08115
107181	5.28815e+07	271833	5.29e+06	2.1728
106232	5.50787e+07	274806	5.29e+06	2.08717
107454	5.47886e+07	275745	5.29e+06	2.20928
107541	5.42184e+07	275005	5.29e+06	2.01856
106640	5.41004e+07	273310	5.29e+06	1.79635
107241	5.45933e+07	275543	5.29e+06	2.37402
106540	5.47865e+07	275036	5.29e+06	1.91258
107113	5.445e+07	275131	5.29e+06	1.9369
106997	5.40408e+07	274658	5.29e+06	1.99744
106746	5.43842e+07	275611	5.29e+06	2.53683
106497	5.47968e+07	275500	5.29e+06	2.05824
107736	5.48551e+07	275863	5.29e+06	2.15859
107534	5.46172e+07	275719	5.29e+06	2.15846
106673	5.34164e+07	272777	5.29e+06	1.97005
106812	5.44316e+07	275131	5.29e+06	2.25664
105929	5.38579e+07	273184	5.29e+06	2.47347
106638	5.38568e+07	274105	5.29e+06	1.96198
106792	5.37798e+07	273770	5.29e+06	1.95264
107953	5.5053e+07	275586	5.29e+06	1.81901
106782	5.42027e+07	274821	5.29e+06	2.02803
106265	5.53231e+07	276115	5.29e+06	2.21965
106777	5.4441e+07	275216	5.29e+06	2.25389
106546	5.52148e+07	276015	5.29e+06	2.59494
106717	5.52477e+07	275997	5.29e+06	2.00858
106746	5.48346e+07	275712	5.29e+06	2.22234
107650	5.49399e+07	275595	5.29e+06	1.90963
106267	5.44894e+07	274583	5.29e+06	2.3465
106224	5.42779e+07	274292	5.29e+06	2.07437
106467	5.50059e+07	275626	5.29e+06	2.49728
107097	5.40302e+07	274375	5.29e+06	1.9552
107368	5.53244e+07	276097	5.29e+06	2.10586
107063	5.37033e+07	274191	5.29e+06	2.30746
106839	5.47852e+07	275357	5.29e+06	1.88979
108182	5.42108e+07	275117	5.29e+06	2.25728
107357	5.49704e+07	275889	5.29e+06	2.27827
107337	5.50234e+07	275953	5.29e+06	2.54515
106452	5.40413e+07	274520	5.29e+06	2.19955
105619	5.41647e+07	273032	5.29e+06	2.68723
107584	5.33014e+07	272291	5.29e+06	2.01651
106601	5.37934e+07	274097	5.29e+06	2.4361
106889	5.41307e+07	274885	5.29e+06	2.38976
107935	5.50749e+07	275971	5.29e+06	2.12173
107297	5.47646e+07	275763	5.29e+06	2.30515
107521	5.4407e+07	275611	5.29e+06	2.47936
107609	5.52459e+07	276015	5.29e+06	2.08102
107077	5.44017e+07	275417	5.29e+06	2.17587
108035	5.46371e+07	275349	5.29e+06	1.85075
107465	5.42402e+07	274677	5.29e+06	1.88154
106279	5.49281e+07	275544	5.29e+06	2.60723
106929	5.50463e+07	275971	5.29e+06	2.58035
106206	5.47087e+07	275022	5.29e+06	2.11968
107181	5.42947e+07	275248	5.29e+06	2.54541
106863	5.39492e+07	274583	5.29e+06	2.08166
106594	5.45391e+07	275086	5.29e+06	2.01933
107381	5.38336e+07	274687	5.29e+06	2.02637
107751	5.53239e+07	276115	5.29e+06	2.14413
106813	5.46057e+07	275300	5.29e+06	2.16512
106787	5.39596e+07	274242	5.29e+06	2.0809
106430	5.50497e+07	275644	5.29e+06	1.98835
106809	5.52684e+07	276015	5.29e+06	2.32704
107305	5.43763e+07	275399	5.29e+06	2.03571
106880	5.486e+07	275863	5.29e+06	2.15578
107465	5.43727e+07	275381	5.29e+06	2.63949
106550	5.46157e+07	275349	5.29e+06	2.07296
107425	5.53645e+07	276097	5.29e+06	1.96122
106977	5.45428e+07	275443	5.29e+06	2.08205
106929	5.44472e+07	275343	5.29e+06	2.45555
107457	5.51094e+07	275989	5.29e+06	2.00806
107488	5.43042e+07	274694	5.29e+06	1.96403
105787	5.38412e+07	272980	5.29e+06	2.52096
106363	5.47857e+07	275367	5.29e+06	1.94483
106404	5.46828e+07	275115	5.29e+06	2.03213
106167	5.34467e+07	272587	5.29e+06	2.42458
107855	5.41219e+07	274913	5.29e+06	2.00845
106795	5.46356e+07	274971	5.29e+06	1.81274
106259	5.44893e+07	273964	5.29e+06	1.87315
107310	5.47708e+07	275763	5.29e+06	2.25498
107289	5.42358e+07	274501	5.29e+06	1.95469
106867	5.36058e+07	274137	5.29e+06	1.81402
107825	5.36364e+07	274316	5.29e+06	2.17664
106969	5.44527e+07	275519	5.29e+06	2.21261
107372	5.4871e+07	275845	5.29e+06	1.98784
107255	5.39283e+07	274971	5.29e+06	2.13235
107327	5.40711e+07	275104	5.29e+06	2.12928
107355	5.53705e+07	276115	5.29e+06	1.88698
106945	5.50545e+07	275971	5.29e+06	2.14502
107064	5.4284e+07	274533	5.29e+06	1.94829
106815	5.4609e+07	275305	5.29e+06	2.12608
107126	5.50771e+07	275989	5.29e+06	2.19213
106935	5.43172e+07	275317	5.29e+06	2.56102
107327	5.42928e+07	274551	5.29e+06	1.9639
106601	5.50248e+07	275889	5.29e+06	2.17894
106851	5.42124e+07	275217	5.29e+06	2.03738
107523	5.40729e+07	275082	5.29e+06	2.064
107165	5.46257e+07	275543	5.29e+06	2.15501
107197	5.3234e+07	272805	5.29e+06	2.40589
107054	5.39181e+07	274971	5.29e+06	2.29811
107126	5.33102e+07	272840	5.29e+06	2.11302
108143	5.48523e+07	275863	5.29e+06	2.31411
107308	5.50872e+07	275989	5.29e+06	2.17946
107712	5.48738e+07	275669	5.29e+06	1.93114
107574	5.4776e+07	275745	5.29e+06	2.21299
107920	5.47174e+07	275763	5.29e+06	2.60698
106918	5.52364e+07	276015	5.29e+06	2.1984
107716	5.4751e+07	275763	5.29e+06	2.19661
106798	5.53177e+07	276115	5.29e+06	2.65562
106636	5.47859e+07	275464	5.29e+06	2.33971
107936	5.39686e+07	274226	5.29e+06	1.88698
106542	5.40623e+07	274619	5.29e+06	2.28326
107343	5.45265e+07	275407	5.29e+06	2.02688
107102	5.52537e+07	276015	5.29e+06	2.13581
107219	5.52529e+07	276015	5.29e+06	1.9392
107618	5.53075e+07	276043	5.29e+06	2.28672
106948	5.48171e+07	275669	5.29e+06	2.30221
106960	5.5333e+07	276097	5.29e+06	2.20378
106906	5.48614e+07	275651	5.29e+06	1.9904
107372	5.47267e+07	275763	5.29e+06	2.39078
108039	5.53284e+07	276115	5.29e+06	2.08346
107033	5.41663e+07	274913	5.29e+06	2.19379
106310	5.3545e+07	272445	5.29e+06	2.06707
107287	5.43539e+07	275381	5.29e+06	2.74624
106796	5.48631e+07	275638	5.29e+06	2.05965
107549	5.50742e+07	275971	5.29e+06	2.14054
106369	5.35523e+07	273688	5.29e+06	2.16704
106083	5.38177e+07	274069	5.29e+06	2.19366
106515	5.5303e+07	275964	5.29e+06	2.32614
106894	5.43779e+07	275335	5.29e+06	2.29914
107268	5.45011e+07	275223	5.29e+06	2.09958
106581	5.4284e+07	274349	5.29e+06	1.90464
107088	5.4972e+07	275544	5.29e+06	1.8377
106724	5.49985e+07	275687	5.29e+06	2.06579
107352	5.48464e+07	275863	5.29e+06	2.44224
106373	5.53579e+07	276115	5.29e+06	2.05952
106374	5.4112e+07	274527	5.29e+06	2.24794
108040	5.37784e+07	274679	5.29e+06	2.1984
106773	5.47815e+07	275569	5.29e+06	2.20634
105809	5.43204e+07	273897	5.29e+06	2.38362
106872	5.50095e+07	275664	5.29e+06	1.9584
107067	5.50614e+07	275989	5.29e+06	2.38835
107663	5.48063e+07	275827	5.29e+06	2.304
107628	5.41836e+07	275342	5.29e+06	2.66854
107314	5.53117e+07	276115	5.29e+06	2.78246
107407	5.43127e+07	275299	5.29e+06	2.06144
106890	5.4756e+07	275155	5.29e+06	1.77024
107306	5.45654e+07	275586	5.29e+06	2.26227
106852	5.34682e+07	273319	5.29e+06	1.86278
106274	5.3669e+07	272689	5.29e+06	1.97722
107315	5.47837e+07	275676	5.29e+06	2.05581
107870	5.47553e+07	274947	5.29e+06	1.76563
106855	5.46219e+07	275525	5.29e+06	1.99245
106437	5.45501e+07	275122	5.29e+06	2.2359
107797	5.49176e+07	275256	5.29e+06	1.74848
107143	5.47139e+07	275469	5.29e+06	1.94496
106479	5.50858e+07	275777	5.29e+06	2.6487
107346	5.48396e+07	275827	5.29e+06	2.02054
106703	5.52706e+07	276015	5.29e+06	2.55731
107117	5.34163e+07	273864	5.29e+06	2.67174
107428	5.53082e+07	276115	5.29e+06	2.30502
106641	5.49884e+07	275853	5.29e+06	2.55488
106594	5.45558e+07	275030	5.29e+06	2.14464
107245	5.43928e+07	275399	5.29e+06	2.2633
107172	5.48595e+07	275651	5.29e+06	2.06106
106300	5.41674e+07	274619	5.29e+06	2.19853
107226	5.42057e+07	274433	5.29e+06	1.7993
107075	5.4341e+07	274939	5.29e+06	1.80045
106921	5.45295e+07	274392	5.29e+06	1.80915
106663	5.44252e+07	275039	5.29e+06	2.0489
107115	5.51065e+07	275989	5.29e+06	2.33971
106413	5.49059e+07	274619	5.29e+06	1.79584
106041	5.38163e+07	272966	5.29e+06	2.23693
106818	5.44626e+07	275292	5.29e+06	2.2711
106566	5.45005e+07	275090	5.29e+06	2.23488
106682	5.3632e+07	274232	5.29e+06	2.40205
107040	5.41094e+07	274234	5.29e+06	1.89798
107701	5.39282e+07	274215	5.29e+06	1.97248
106606	5.51609e+07	275915	5.29e+06	2.06234
107545	5.50024e+07	275889	5.29e+06	2.10842
106308	5.45695e+07	275014	5.29e+06	2.10112
107650	5.40339e+07	274997	5.29e+06	2.83226
107290	5.43301e+07	275230	5.29e+06	2.11763
107846	5.51231e+07	275971	5.29e+06	1.93894
107222	5.50609e+07	275889	5.29e+06	2.05389
107966	5.44026e+07	275501	5.29e+06	2.52787
107419	5.51007e+07	275989	5.29e+06	2.07808
107029	5.52547e+07	276015	5.29e+06	2.15846
106290	5.5104e+07	275795	5.29e+06	2.18048
107139	5.43089e+07	274416	5.29e+06	1.88634
106406	5.35371e+07	273072	5.29e+06	1.91347
106932	5.46811e+07	275645	5.29e+06	1.96634
106332	5.46123e+07	275165	5.29e+06	2.24512
107055	5.52616e+07	276015	5.29e+06	2.07373
107585	5.53487e+07	276097	5.29e+06	2.02419
106551	5.48711e+07	275669	5.29e+06	2.12122
106938	5.50292e+07	275802	5.29e+06	1.8592
106966	5.46029e+07	275507	5.29e+06	2.22541
107372	5.41295e+07	274468	5.29e+06	1.91526
108163	5.5051e+07	275971	5.29e+06	2.39629
106848	5.48559e+07	275669	5.29e+06	2.20096
107330	5.34183e+07	274058	5.29e+06	2.30758
106323	5.50778e+07	275759	5.29e+06	1.94112
106382	5.40673e+07	274803	5.29e+06	1.97811
107364	5.47117e+07	275745	5.29e+06	2.28608
107233	5.52414e+07	275997	5.29e+06	2.17472
106286	5.46368e+07	275015	5.29e+06	2.11494
106441	5.50865e+07	275795	5.29e+06	2.23872
107313	5.48906e+07	275863	5.29e+06	1.94611
106904	5.4741e+07	275551	5.29e+06	2.53056
106996	5.53134e+07	276115	5.29e+06	2.46477
107516	5.49981e+07	275889	5.29e+06	2.1216
107348	5.48532e+07	275863	5.29e+06	2.48768
107541	5.53338e+07	276097	5.29e+06	2.06925
106817	5.51274e+07	274972	5.29e+06	1.8761
107434	5.39421e+07	274399	5.29e+06	1.96659
106705	5.37927e+07	273361	5.29e+06	1.87558
106980	5.50059e+07	275889	5.29e+06	2.23475
106846	5.46844e+07	275231	5.29e+06	2.00531
106231	5.37422e+07	273439	5.29e+06	2.36608
107154	5.43159e+07	274929	5.29e+06	1.89773
106995	5.43974e+07	275399	5.29e+06	2.2633
107775	5.50966e+07	275971	5.29e+06	1.99757
107618	5.5297e+07	276097	5.29e+06	2.43213
106812	5.42396e+07	275023	5.29e+06	2.26598
107152	5.42021e+07	275148	5.29e+06	2.5225
106420	5.48638e+07	275475	5.29e+06	2.17536
107632	5.41529e+07	275097	5.29e+06	1.85344
108179	5.52561e+07	276097	5.29e+06	2.2889
107036	5.51158e+07	275989	5.29e+06	2.45402
107707	5.47731e+07	275763	5.29e+06	2.24051
106724	5.3767e+07	274263	5.29e+06	2.30246
106581	5.31441e+07	272672	5.29e+06	2.03904
107073	5.48502e+07	275845	5.29e+06	2.14355
106923	5.53388e+07	276115	5.29e+06	2.07206
106303	5.38168e+07	273600	5.29e+06	2.28058
107586	5.42837e+07	275248	5.29e+06	2.38285
107115	5.50044e+07	275889	5.29e+06	2.21197
107328	5.53063e+07	275946	5.29e+06	1.93318
107381	5.50573e+07	275889	5.29e+06	2.13338
107394	5.47764e+07	275712	5.29e+06	2.06374
106191	5.43988e+07	274351	5.29e+06	2.03917
106877	5.45946e+07	275543	5.29e+06	2.41651
107553	5.4866e+07	275669	5.29e+06	1.97888
106279	5.47928e+07	274871	5.29e+06	2.09818
107406	5.52231e+07	276015	5.29e+06	2.41702
106220	5.38067e+07	272847	5.29e+06	2.29261
106636	5.32588e+07	271537	5.29e+06	1.94317
107832	5.43062e+07	275317	5.29e+06	2.13606
106541	5.44785e+07	274461	5.29e+06	1.91117
108391	5.4861e+07	275845	5.29e+06	2.03251
106595	5.4301e+07	275054	5.29e+06	2.34227
106652	5.50097e+07	275871	5.29e+06	2.22899
107821	5.45735e+07	275392	5.29e+06	1.88019
107219	5.50017e+07	275889	5.29e+06	2.25536
106460	5.43638e+07	275205	5.29e+06	2.45299
107323	5.43666e+07	274492	5.29e+06	1.72774
106679	5.44944e+07	275098	5.29e+06	2.24576
108139	5.478e+07	275763	5.29e+06	2.17446
106846	5.37425e+07	273619	5.29e+06	2.0649
107532	5.43919e+07	275223	5.29e+06	1.97952
107146	5.51043e+07	275989	5.29e+06	2.11802
107709	5.50605e+07	275820	5.29e+06	1.89082
107266	5.47834e+07	275745	5.29e+06	2.23501
107497	5.38611e+07	274166	5.29e+06	2.0073
106609	5.47111e+07	275569	5.29e+06	2.65408
106281	5.35871e+07	273130	5.29e+06	1.79866
106792	5.45535e+07	275180	5.29e+06	1.99923
106959	5.35958e+07	274694	5.29e+06	2.40294
106949	5.45017e+07	275249	5.29e+06	2.12083
106638	5.37768e+07	274011	5.29e+06	2.35955
106717	5.53101e+07	275946	5.29e+06	2.07078
106850	5.45741e+07	275198	5.29e+06	2.14874
107379	5.4642e+07	275737	5.29e+06	2.10522
106995	5.41437e+07	274895	5.29e+06	2.48371
106681	5.42488e+07	275115	5.29e+06	2.11776
106594	5.46099e+07	275137	5.29e+06	2.11226
107935	5.4568e+07	275719	5.29e+06	2.26534
106870	5.50445e+07	275838	5.29e+06	2.07488
107085	5.46164e+07	275543	5.29e+06	2.3936
106848	5.45702e+07	275198	5.29e+06	2.17037
107379	5.45313e+07	275637	5.29e+06	1.97722
105990	5.37919e+07	273942	5.29e+06	2.42752
107151	5.41994e+07	275033	5.29e+06	2.16768
106386	5.453e+07	275443	5.29e+06	2.25165
107022	5.43917e+07	275223	5.29e+06	2.2816
108301	5.44228e+07	275233	5.29e+06	1.9552
106948	5.4548e+07	275407	5.29e+06	1.88083
107042	5.51226e+07	275989	5.29e+06	2.2295
107332	5.48109e+07	275763	5.29e+06	2.02688
107151	5.47154e+07	275594	5.29e+06	1.86931
107465	5.52226e+07	276015	5.29e+06	2.46515
107093	5.43855e+07	275223	5.29e+06	2.1047
107203	5.46162e+07	275543	5.29e+06	2.20186
107099	5.43853e+07	275399	5.29e+06	2.32973
106323	5.40793e+07	274558	5.29e+06	2.95514
107307	5.41807e+07	273963	5.29e+06	1.80659
107145	5.43049e+07	275317	5.29e+06	2.25574
107115	5.46495e+07	275737	5.29e+06	2.14426
106533	5.44988e+07	274627	5.29e+06	1.95482
106293	5.43057e+07	274551	5.29e+06	2.10112
106829	5.51754e+07	275915	5.29e+06	2.00589
107610	5.35596e+07	273890	5.29e+06	2.12493
106881	5.47173e+07	275057	5.29e+06	1.96237
107038	5.52225e+07	276015	5.29e+06	2.54682
107793	5.5332e+07	276115	5.29e+06	2.0407
105912	5.4062e+07	274482	5.29e+06	2.12352
108589	5.43526e+07	275593	5.29e+06	2.99635
106781	5.44043e+07	273830	5.29e+06	1.81069
107286	5.41686e+07	274535	5.29e+06	1.96659
106497	5.478e+07	275500	5.29e+06	2.76595
106920	5.41224e+07	274519	5.29e+06	1.96314
105906	5.43073e+07	274230	5.29e+06	2.61158
107871	5.45766e+07	274959	5.29e+06	1.85229
107243	5.37588e+07	274381	5.29e+06	2.22707
106778	5.43132e+07	274842	5.29e+06	1.90195
107871	5.53111e+07	276097	5.29e+06	2.28531
107284	5.44035e+07	275223	5.29e+06	1.91334
107871	5.53209e+07	276115	5.29e+06	2.27533
106419	5.34397e+07	273206	5.29e+06	2.29043
105912	5.39194e+07	272621	5.29e+06	2.12186
106292	5.45228e+07	274820	5.29e+06	2.46336
106887	5.482e+07	275694	5.29e+06	2.12506
107698	5.40239e+07	274410	5.29e+06	1.8551
106400	5.37063e+07	273997	5.29e+06	2.08781
107550	5.43231e+07	274820	5.29e+06	1.87827
106672	5.43934e+07	275029	5.29e+06	1.88608
107669	5.52957e+07	276079	5.29e+06	2.88986
106178	5.45551e+07	275231	5.29e+06	2.42586
106661	5.51475e+07	275728	5.29e+06	1.90246
106428	5.40533e+07	274601	5.29e+06	2.07936
106819	5.43939e+07	275233	5.29e+06	2.35456
106626	5.40591e+07	274205	5.29e+06	2.03539
106763	5.41818e+07	274147	5.29e+06	1.83731
107661	5.47745e+07	275745	5.29e+06	2.14656
106925	5.38897e+07	274593	5.29e+06	1.97875
107393	5.48832e+07	275651	5.29e+06	1.94086
106346	5.49044e+07	275274	5.29e+06	2.44954
106768	5.37291e+07	273435	5.29e+06	1.96301
107317	5.4308e+07	274636	5.29e+06	1.97619
107537	5.47944e+07	275712	5.29e+06	2.05645
106509	5.41815e+07	274821	5.29e+06	2.10624
106342	5.34186e+07	273155	5.29e+06	2.04672
106963	5.45716e+07	274938	5.29e+06	1.7536
107109	5.42504e+07	274946	5.29e+06	2.00346
107173	5.53422e+07	276115	5.29e+06	2.02586
107838	5.53012e+07	276115	5.29e+06	2.39334
107290	5.47025e+07	275166	5.29e+06	1.85408
107036	5.34534e+07	272798	5.29e+06	1.95558
107477	5.48219e+07	275863	5.29e+06	2.32742
106879	5.45456e+07	274268	5.29e+06	1.85754
107262	5.3592e+07	274018	5.29e+06	2.28774
106646	5.41599e+07	274341	5.29e+06	1.8697
106688	5.3271e+07	273201	5.29e+06	2.55219
107597	5.48127e+07	275293	5.29e+06	1.86406
107801	5.51455e+07	275777	5.29e+06	1.67142
107305	5.39364e+07	274392	5.29e+06	1.97568
107979	5.48444e+07	275845	5.29e+06	2.13978
107157	5.53058e+07	276079	5.29e+06	2.33114
106664	5.51235e+07	275795	5.29e+06	1.88096
107113	5.45086e+07	275637	5.29e+06	2.64269
106938	5.43768e+07	274845	5.29e+06	2.01472
107143	5.39025e+07	274882	5.29e+06	2.0137
107863	5.44957e+07	275292	5.29e+06	2.02778
107293	5.47653e+07	275727	5.29e+06	2.06797
106847	5.53557e+07	276097	5.29e+06	2.05018
107724	5.50317e+07	275889	5.29e+06	2.05133
107554	5.48458e+07	275845	5.29e+06	2.21568
106805	5.35117e+07	273712	5.29e+06	2.78925
106699	5.40558e+07	273705	5.29e+06	1.75501
106965	5.44991e+07	275241	5.29e+06	2.1312
107074	5.48545e+07	275651	5.29e+06	2.08205
107467	5.52129e+07	276015	5.29e+06	2.13043
107277	5.53173e+07	276097	5.29e+06	2.37312
106668	5.43434e+07	274720	5.29e+06	1.97606
107665	5.45218e+07	275241	5.29e+06	1.95072
106816	5.45424e+07	275249	5.29e+06	2.22093
107826	5.535e+07	276115	5.29e+06	2.02291
108205	5.53219e+07	276115	5.29e+06	2.2624
106373	5.42691e+07	274644	5.29e+06	2.25805
107635	5.32708e+07	272384	5.29e+06	2.03251
107076	5.48847e+07	275863	5.29e+06	1.96582
107359	5.46218e+07	275719	5.29e+06	2.34854
107986	5.3544e+07	273857	5.29e+06	2.07066
106436	5.50916e+07	275795	5.29e+06	2.21952
106570	5.44806e+07	275274	5.29e+06	2.29837
106888	5.34485e+07	272770	5.29e+06	1.8944
106666	5.47805e+07	275375	5.29e+06	2.08934
106650	5.44835e+07	274587	5.29e+06	1.96813
107352	5.51283e+07	275971	5.29e+06	2.11584
106689	5.48945e+07	275669	5.29e+06	2.02534
106265	5.34405e+07	272208	5.29e+06	2.32038
107328	5.41604e+07	275097	5.29e+06	2.04954
106197	5.46161e+07	275148	5.29e+06	2.40115
107350	5.43219e+07	275054	5.29e+06	1.99142
107235	5.52239e+07	276015	5.29e+06	2.37965
106851	5.33852e+07	273467	5.29e+06	2.17626
106573	5.48745e+07	275475	5.29e+06	2.04083
107135	5.5242e+07	275961	5.29e+06	2.06182
106622	5.48321e+07	275615	5.29e+06	3.02541
107921	5.54024e+07	276115	5.29e+06	1.87213
106638	5.4037e+07	274767	5.29e+06	2.15002
106447	5.38801e+07	274504	5.29e+06	2.34726
107104	5.4943e+07	275486	5.29e+06	1.90835
106807	5.37757e+07	273770	5.29e+06	2.03878
106698	5.41788e+07	274811	5.29e+06	2.60416
107206	5.45295e+07	275316	5.29e+06	2.07181
106189	5.37949e+07	272820	5.29e+06	2.17114
106838	5.46132e+07	275392	5.29e+06	2.08371
107492	5.48554e+07	275863	5.29e+06	2.05005
106429	5.46858e+07	275257	5.29e+06	1.98387
106986	5.38902e+07	274769	5.29e+06	2.28877
106658	5.38116e+07	273150	5.29e+06	2.0375
107530	5.50399e+07	275953	5.29e+06	1.92768
107394	5.49861e+07	275889	5.29e+06	2.13069
107326	5.49965e+07	275889	5.29e+06	2.14822
106243	5.45094e+07	274720	5.29e+06	2.10586
107601	5.38561e+07	274812	5.29e+06	2.51405
106689	5.39621e+07	274810	5.29e+06	2.1175
106774	5.41909e+07	274839	5.29e+06	2.09754
106403	5.33658e+07	273468	5.29e+06	2.35942
106006	5.37281e+07	273821	5.29e+06	2.40678
105923	5.40482e+07	273778	5.29e+06	2.19123
107574	5.43107e+07	275493	5.29e+06	2.0841
106421	5.49464e+07	275608	5.29e+06	2.00486
106792	5.48701e+07	275863	5.29e+06	2.09344
106326	5.42843e+07	275014	5.29e+06	2.0169
106673	5.34056e+07	273694	5.29e+06	2.08461
106529	5.50343e+07	275802	5.29e+06	2.17459
106006	5.38931e+07	274187	5.29e+06	1.87558
105843	5.32776e+07	272091	5.29e+06	2.13709
106660	5.46474e+07	275543	5.29e+06	2.12685
106200	5.41385e+07	274525	5.29e+06	2.2272
105991	5.36749e+07	272518	5.29e+06	2.04134
107088	5.48051e+07	275651	5.29e+06	2.19853
107398	5.42881e+07	275281	5.29e+06	2.02061
107058	5.49642e+07	275871	5.29e+06	2.02355
106121	5.46156e+07	275023	5.29e+06	2.15872
106057	5.50367e+07	275460	5.29e+06	2.56525
107862	5.52916e+07	276079	5.29e+06	1.97542
106480	5.38149e+07	274414	5.29e+06	2.112
400 generations
107494	5.33106e+07	272418	5.29e+06	1.99706
106138	5.43885e+07	275011	5.29e+06	2.62189
106837	5.33486e+07	272637	5.29e+06	2.29453
106800	5.39804e+07	274410	5.29e+06	2.17382
106729	5.465e+07	274997	5.29e+06	1.82682
106406	5.32479e+07	271943	5.29e+06	2.04416
106421	5.34207e+07	273037	5.29e+06	2.11994
107250	5.48525e+07	275827	5.29e+06	2.04813
107371	5.40968e+07	274946	5.29e+06	2.20173
106922	5.47976e+07	275173	5.29e+06	1.82707
106836	5.44994e+07	275292	5.29e+06	2.51968
108597	5.53177e+07	276097	5.29e+06	2.1289
108416	5.53187e+07	276115	5.29e+06	2.06528
108028	5.50304e+07	275889	5.29e+06	1.96506
106942	5.40527e+07	274404	5.29e+06	2.06758
107515	5.48267e+07	275316	5.29e+06	1.80493
106545	5.46339e+07	274821	5.29e+06	1.98925
106312	5.4312e+07	274394	5.29e+06	2.00666
107297	5.45099e+07	275098	5.29e+06	1.87123
106470	5.38563e+07	274258	5.29e+06	2.1728
107669	5.46646e+07	275663	5.29e+06	1.94957
105890	5.44853e+07	274400	5.29e+06	2.56934
107199	5.52436e+07	276015	5.29e+06	1.92666
107234	5.42262e+07	274770	5.29e+06	1.92307
107212	5.46868e+07	275469	5.29e+06	2.00474
106766	5.42191e+07	274399	5.29e+06	1.90925
106560	5.48262e+07	275324	5.29e+06	2.07693
106768	5.43218e+07	275123	5.29e+06	2.20723
107952	5.53491e+07	276115	5.29e+06	2.01114
107766	5.41674e+07	275291	5.29e+06	2.20403
106770	5.40369e+07	274148	5.29e+06	1.97197
106577	5.48117e+07	275324	5.29e+06	2.0247
106600	5.39949e+07	274468	5.29e+06	2.41062
106874	5.32813e+07	272878	5.29e+06	2.40742
106789	5.44531e+07	275040	5.29e+06	2.12134
108232	5.45251e+07	275619	5.29e+06	2.29664
107251	5.46145e+07	275737	5.29e+06	2.60403
107083	5.47741e+07	275569	5.29e+06	2.00384
107208	5.48381e+07	275712	5.29e+06	1.93536
106570	5.43804e+07	275003	5.29e+06	2.00563
107787	5.5106e+07	275989	5.29e+06	2.00998
107458	5.48898e+07	275273	5.29e+06	1.7449
107095	5.49201e+07	275457	5.29e+06	1.84666
106609	5.46145e+07	275165	5.29e+06	2.20723
107472	5.51028e+07	275989	5.29e+06	2.11878
107111	5.52204e+07	275997	5.29e+06	2.28845
106935	5.46227e+07	275507	5.29e+06	2.05978
106825	5.50149e+07	275853	5.29e+06	2.09075
106823	5.506e+07	275971	5.29e+06	2.17696
107014	5.375e+07	274140	5.29e+06	2.21965
107487	5.48243e+07	275827	5.29e+06	3.07674
106724	5.46277e+07	275137	5.29e+06	2.10944
106985	5.39894e+07	274525	5.29e+06	1.97914
106592	5.33644e+07	272504	5.29e+06	2.13734
107136	5.50868e+07	275795	5.29e+06	2.07731
106563	5.47276e+07	275022	5.29e+06	2.05453
106647	5.46668e+07	275451	5.29e+06	2.14682
106326	5.48566e+07	275651	5.29e+06	2.4567
107188	5.50756e+07	275953	5.29e+06	2.13875
106412	5.43451e+07	274940	5.29e+06	2.02688
106555	5.42424e+07	274954	5.29e+06	2.08774
107590	5.459e+07	275719	5.29e+06	2.45517
107587	5.4945e+07	275871	5.29e+06	3.0889
106967	5.50875e+07	275989	5.29e+06	2.27942
107388	5.48497e+07	275845	5.29e+06	2.37773
107362	5.42308e+07	275360	5.29e+06	2.06374
106430	5.48476e+07	275669	5.29e+06	2.70323
106940	5.50156e+07	275871	5.29e+06	2.3401
107090	5.46254e+07	275543	5.29e+06	2.02598
106839	5.44787e+07	275080	5.29e+06	2.00576
106649	5.43289e+07	274658	5.29e+06	2.00544
107986	5.53453e+07	276115	5.29e+06	1.8656
107245	5.46328e+07	275543	5.29e+06	2.00294
107071	5.28145e+07	270673	5.29e+06	2.06054
107199	5.47983e+07	275518	5.29e+06	1.97363
107095	5.33497e+07	273172	5.29e+06	2.22054
107871	5.53181e+07	276097	5.29e+06	2.20749
106211	5.42459e+07	274382	5.29e+06	1.99744
106807	5.43482e+07	274878	5.29e+06	2.01434
106920	5.48569e+07	275845	5.29e+06	3.09056
106322	5.47304e+07	275418	5.29e+06	2.28186
107337	5.41595e+07	275107	5.29e+06	2.37325
106562	5.47705e+07	275763	5.29e+06	2.1271
106638	5.45807e+07	275282	5.29e+06	2.44531
107492	5.34988e+07	274065	5.29e+06	2.19776
106028	5.44804e+07	274410	5.29e+06	2.25216
107955	5.4295e+07	274636	5.29e+06	1.85946
107548	5.46049e+07	275525	5.29e+06	2.11891
106560	5.46969e+07	274954	5.29e+06	2.06669
106585	5.5083e+07	275795	5.29e+06	2.25485
107478	5.49046e+07	275375	5.29e+06	1.81184
108258	5.52545e+07	276015	5.29e+06	1.87891
106286	5.42467e+07	274400	5.29e+06	2.45875
107138	5.48685e+07	275845	5.29e+06	2.04851
107911	5.46099e+07	275527	5.29e+06	2.17766
106491	5.48001e+07	275306	5.29e+06	2.06336
107123	5.47021e+07	275469	5.29e+06	1.96134
107694	5.50918e+07	275989	5.29e+06	2.08166
107138	5.40916e+07	274938	5.29e+06	2.09805
107598	5.52037e+07	275997	5.29e+06	2.43174
107182	5.35304e+07	273126	5.29e+06	2.06566
106966	5.47004e+07	275469	5.29e+06	2.03878
107849	5.53007e+07	275964	5.29e+06	1.86893
106477	5.51112e+07	275989	5.29e+06	1.93024
106844	5.39026e+07	274091	5.29e+06	1.98822
106629	5.47732e+07	275569	5.29e+06	2.02957
107397	5.48508e+07	275863	5.29e+06	2.37952
106928	5.45844e+07	275507	5.29e+06	2.64128
106744	5.45848e+07	274871	5.29e+06	1.94189
105879	5.41143e+07	274093	5.29e+06	2.22733
106637	5.52332e+07	276015	5.29e+06	2.27686
107062	5.49057e+07	275771	5.29e+06	2.0631
107627	5.46136e+07	275737	5.29e+06	2.95245
107797	5.42962e+07	275299	5.29e+06	1.97786
106391	5.39265e+07	274399	5.29e+06	1.99296
107313	5.42977e+07	274318	5.29e+06	1.7513
107388	5.53719e+07	276115	5.29e+06	1.92512
108070	5.533e+07	276079	5.29e+06	2.07526
106306	5.41643e+07	274885	5.29e+06	2.05184
107203	5.31576e+07	272353	5.29e+06	2.15859
106552	5.50266e+07	275695	5.29e+06	2.37926
107556	5.51037e+07	275971	5.29e+06	1.98413
106611	5.46499e+07	275140	5.29e+06	1.99501
106989	5.49715e+07	275720	5.29e+06	1.98349
106490	5.49546e+07	275073	5.29e+06	2.03379
107077	5.46465e+07	275543	5.29e+06	2.68403
107072	5.3161e+07	272300	5.29e+06	2.25856
106152	5.29216e+07	271175	5.29e+06	1.99987
106540	5.43204e+07	274067	5.29e+06	1.87392
106767	5.413e+07	274660	5.29e+06	2.34163
106901	5.40056e+07	274601	5.29e+06	2.63117
106933	5.32244e+07	271613	5.29e+06	1.94547
106031	5.373e+07	274062	5.29e+06	2.11328
108232	5.5217e+07	275997	5.29e+06	2.37184
106139	5.34499e+07	271913	5.29e+06	2.46682
107565	5.51817e+07	275915	5.29e+06	1.83667
106630	5.50201e+07	275871	5.29e+06	2.22464
106646	5.44801e+07	274702	5.29e+06	1.94714
106982	5.39839e+07	274634	5.29e+06	2.74182
107948	5.53164e+07	276097	5.29e+06	2.23795
106452	5.47903e+07	275500	5.29e+06	2.08051
106529	5.48033e+07	275518	5.29e+06	2.29222
107227	5.46013e+07	275525	5.29e+06	2.27456
106899	5.5188e+07	275594	5.29e+06	1.91667
106065	5.45259e+07	275047	5.29e+06	2.6345
107248	5.44451e+07	275537	5.29e+06	2.57728
107226	5.50687e+07	275989	5.29e+06	2.49011
107683	5.50117e+07	275889	5.29e+06	2.0576
107488	5.45466e+07	275259	5.29e+06	1.83782
105803	5.45174e+07	274216	5.29e+06	1.97069
106406	5.34373e+07	273741	5.29e+06	2.13107
107344	5.50937e+07	275935	5.29e+06	1.92973
106789	5.34838e+07	273230	5.29e+06	2.10739
106736	5.42329e+07	274382	5.29e+06	1.89491
107410	5.44591e+07	275234	5.29e+06	1.84602
107898	5.48648e+07	275845	5.29e+06	1.99258
106643	5.40094e+07	274616	5.29e+06	2.16986
106522	5.33681e+07	272787	5.29e+06	2.09472
106872	5.50052e+07	275568	5.29e+06	1.99347
106745	5.45389e+07	275065	5.29e+06	2.08422
107997	5.48529e+07	275809	5.29e+06	2.0393
107659	5.34789e+07	274420	5.29e+06	2.20416
107149	5.50879e+07	275971	5.29e+06	2.14502
106670	5.53647e+07	276115	5.29e+06	2.47974
107255	5.32574e+07	273004	5.29e+06	2.58022
106962	5.34622e+07	272688	5.29e+06	2.08947
106618	5.47603e+07	275155	5.29e+06	2.08666
106450	5.31962e+07	272485	5.29e+06	2.22579
106539	5.4134e+07	274489	5.29e+06	2.31629
106909	5.36682e+07	274426	5.29e+06	2.79808
106270	5.48762e+07	275291	5.29e+06	2.07514
107385	5.40919e+07	274803	5.29e+06	2.04032
107228	5.42977e+07	275097	5.29e+06	1.86522
106370	5.45562e+07	275004	5.29e+06	2.22349
106896	5.52947e+07	276097	5.29e+06	2.60333
106647	5.43924e+07	274356	5.29e+06	1.82528
106809	5.42123e+07	274896	5.29e+06	2.464
106829	5.42223e+07	274475	5.29e+06	2.0265
106209	5.33642e+07	272746	5.29e+06	2.2583
107412	5.53651e+07	276115	5.29e+06	1.79149
107018	5.49807e+07	275738	5.29e+06	1.9959
106268	5.42845e+07	274273	5.29e+06	1.88518
108046	5.40746e+07	275007	5.29e+06	2.19597
106779	5.45356e+07	275249	5.29e+06	2.06643
106693	5.46378e+07	275137	5.29e+06	2.05875
106127	5.40673e+07	274112	5.29e+06	2.29184
106114	5.48394e+07	274336	5.29e+06	2.23923
107359	5.49602e+07	275889	5.29e+06	2.33382
107360	5.35896e+07	274165	5.29e+06	1.96672
107140	5.53747e+07	276115	5.29e+06	1.89146
107273	5.52902e+07	276097	5.29e+06	2.27866
107122	5.48509e+07	275386	5.29e+06	1.84973
106993	5.39955e+07	274173	5.29e+06	1.80608
106595	5.41395e+07	274543	5.29e+06	2.03558
107973	5.46232e+07	275719	5.29e+06	2.3232
107866	5.52844e+07	276015	5.29e+06	1.79597
107128	5.48578e+07	275633	5.29e+06	1.87162
106757	5.45102e+07	275249	5.29e+06	2.40422
107605	5.45893e+07	275563	5.29e+06	2.19469
107315	5.47887e+07	275763	5.29e+06	1.95418
107829	5.50457e+07	275889	5.29e+06	1.9895
106589	5.47386e+07	275551	5.29e+06	2.35776
106470	5.39102e+07	274381	5.29e+06	2.95526
106257	5.42682e+07	274727	5.29e+06	2.19942
107039	5.40321e+07	274795	5.29e+06	2.15578
107507	5.50195e+07	275889	5.29e+06	2.05466
106972	5.46603e+07	275645	5.29e+06	2.01587
106710	5.48849e+07	275863	5.29e+06	2.51162
107490	5.47025e+07	274954	5.29e+06	1.79405
107663	5.52839e+07	276079	5.29e+06	2.3447
106564	5.48343e+07	275334	5.29e+06	2.06477
107527	5.53188e+07	276115	5.29e+06	2.33677
106042	5.45987e+07	274584	5.29e+06	2.4151
106429	5.40552e+07	274451	5.29e+06	2.34496
106359	5.46139e+07	275137	5.29e+06	2.20621
107060	5.47371e+07	274903	5.29e+06	1.82298
106537	5.48756e+07	275457	5.29e+06	1.92614
107634	5.5053e+07	275889	5.29e+06	2.01178
106753	5.51004e+07	275795	5.29e+06	2.13619
107169	5.49912e+07	275853	5.29e+06	2.24154
106582	5.44983e+07	274702	5.29e+06	1.9456
107525	5.44159e+07	274814	5.29e+06	1.84653
107108	5.53252e+07	276097	5.29e+06	2.37171
107447	5.51976e+07	275997	5.29e+06	2.80102
106639	5.48754e+07	275475	5.29e+06	1.90707
108205	5.5081e+07	275989	5.29e+06	2.14208
106444	5.47988e+07	275065	5.29e+06	2.06694
106712	5.4343e+07	275049	5.29e+06	2.15091
107449	5.40863e+07	275191	5.29e+06	1.88608
106772	5.3959e+07	274400	5.29e+06	2.23872
106805	5.48511e+07	275771	5.29e+06	2.67021
107343	5.53393e+07	276115	5.29e+06	2.06106
106332	5.43073e+07	274414	5.29e+06	1.94893
106870	5.41207e+07	274665	5.29e+06	2.16525
106528	5.45571e+07	275198	5.29e+06	2.38515
106137	5.45137e+07	274415	5.29e+06	2.02086
107219	5.52988e+07	276115	5.29e+06	2.34266
107523	5.47283e+07	275663	5.29e+06	1.96979
106137	5.44775e+07	274558	5.29e+06	2.12454
107272	5.50765e+07	275989	5.29e+06	2.38605
106600	5.40109e+07	274913	5.29e+06	2.4791
106608	5.45621e+07	274744	5.29e+06	1.99962
107630	5.4652e+07	275323	5.29e+06	1.82592
106876	5.41124e+07	274744	5.29e+06	1.93075
107109	5.37976e+07	274669	5.29e+06	2.28736
106640	5.43478e+07	275248	5.29e+06	2.18458
106490	5.47944e+07	274914	5.29e+06	1.96339
107323	5.53077e+07	276079	5.29e+06	2.19251
107212	5.42036e+07	275166	5.29e+06	2.30656
106688	5.33875e+07	273134	5.29e+06	2.13773
107327	5.44038e+07	274695	5.29e+06	1.85062
107829	5.50839e+07	275989	5.29e+06	2.15309
107653	5.50851e+07	275989	5.29e+06	2.18982
106796	5.4621e+07	275313	5.29e+06	2.15488
107003	5.48448e+07	275827	5.29e+06	2.94976
106724	5.43638e+07	274998	5.29e+06	1.95315
107379	5.34674e+07	274518	5.29e+06	2.69056
108250	5.53092e+07	276115	5.29e+06	2.19814
106339	5.40799e+07	274232	5.29e+06	2.41318
106377	5.32582e+07	273510	5.29e+06	2.42624
106742	5.46968e+07	275166	5.29e+06	1.9401
106812	5.38996e+07	274363	5.29e+06	2.23501
106323	5.47143e+07	274903	5.29e+06	2.08544
107747	5.50614e+07	275889	5.29e+06	1.9648
107483	5.53425e+07	276115	5.29e+06	2.0361
106698	5.42334e+07	274518	5.29e+06	1.86714
107154	5.50718e+07	275644	5.29e+06	1.97222
107329	5.33635e+07	273318	5.29e+06	2.42035
108548	5.50903e+07	275989	5.29e+06	2.10138
106827	5.35319e+07	273385	5.29e+06	1.98451
107059	5.36164e+07	274561	5.29e+06	1.81568
107019	5.40506e+07	274813	5.29e+06	2.15552
107879	5.50684e+07	275989	5.29e+06	2.36032
106983	5.5129e+07	275777	5.29e+06	1.86675
106875	5.49722e+07	275526	5.29e+06	1.9625
106888	5.47147e+07	275267	5.29e+06	1.83718
106642	5.45063e+07	274795	5.29e+06	1.98182
107215	5.53042e+07	276097	5.29e+06	2.34906
107210	5.4825e+07	275518	5.29e+06	1.92922
106692	5.3833e+07	274281	5.29e+06	2.25075
106843	5.46754e+07	275612	5.29e+06	2.41894
106276	5.43928e+07	274432	5.29e+06	2.08832
107162	5.51072e+07	275989	5.29e+06	2.1632
106837	5.3836e+07	274494	5.29e+06	2.41037
107329	5.41011e+07	274956	5.29e+06	2.07859
107142	5.52492e+07	276015	5.29e+06	2.26202
106415	5.34012e+07	272058	5.29e+06	1.98387
107412	5.45615e+07	275568	5.29e+06	2.2167
107058	5.5091e+07	275746	5.29e+06	2.06336
107278	5.42984e+07	275317	5.29e+06	2.20544
106462	5.4689e+07	274449	5.29e+06	1.95763
107353	5.42581e+07	275309	5.29e+06	2.14413
107625	5.53249e+07	276097	5.29e+06	2.10509
107261	5.43174e+07	275317	5.29e+06	2.19354
106589	5.47092e+07	275418	5.29e+06	2.60506
106498	5.42426e+07	274576	5.29e+06	1.91616
107529	5.50715e+07	275989	5.29e+06	2.33702
106292	5.45571e+07	274853	5.29e+06	2.00563
107228	5.50318e+07	275889	5.29e+06	2.09562
107248	5.49885e+07	275889	5.29e+06	2.24717
106936	5.50053e+07	275871	5.29e+06	2.36032
106587	5.46791e+07	275469	5.29e+06	2.75341
106976	5.47465e+07	275763	5.29e+06	2.56064
106816	5.46934e+07	275451	5.29e+06	1.99629
106204	5.41279e+07	274331	5.29e+06	2.11251
107315	5.48152e+07	275316	5.29e+06	1.83898
107201	5.48181e+07	275155	5.29e+06	1.7993
107135	5.48036e+07	275712	5.29e+06	2.09203
106505	5.50255e+07	275626	5.29e+06	2.26566
107700	5.47256e+07	275763	5.29e+06	2.34534
107538	5.53389e+07	276079	5.29e+06	2.03187
106804	5.45574e+07	275443	5.29e+06	1.85293
107083	5.48565e+07	275518	5.29e+06	1.96506
106142	5.44383e+07	274737	5.29e+06	2.02752
107375	5.35303e+07	273752	5.29e+06	2.04723
106287	5.45396e+07	274745	5.29e+06	2.43456
107438	5.40542e+07	274785	5.29e+06	1.9113
106243	5.49082e+07	275108	5.29e+06	2.17894
107125	5.49306e+07	275720	5.29e+06	2.06208
106664	5.51057e+07	275795	5.29e+06	2.18509
107884	5.49992e+07	275889	5.29e+06	2.2199
107186	5.5324e+07	276115	5.29e+06	2.1248
107310	5.46239e+07	275737	5.29e+06	1.97107
106315	5.43636e+07	275021	5.29e+06	2.35494
106969	5.31772e+07	272273	5.29e+06	2.26445
106879	5.31804e+07	272638	5.29e+06	2.10534
107162	5.50264e+07	275889	5.29e+06	2.304
107321	5.48687e+07	275863	5.29e+06	2.16205
107835	5.47442e+07	275745	5.29e+06	2.14784
106843	5.44592e+07	275090	5.29e+06	2.07846
107184	5.43623e+07	274888	5.29e+06	1.87021
106280	5.47521e+07	274626	5.29e+06	2.0192
107782	5.39811e+07	274788	5.29e+06	2.08282
106226	5.49908e+07	274908	5.29e+06	2.17357
107057	5.42927e+07	274626	5.29e+06	1.79136
106912	5.45142e+07	274594	5.29e+06	1.92883
106219	5.46056e+07	275349	5.29e+06	2.26509
107736	5.47187e+07	275745	5.29e+06	2.5111
107405	5.52214e+07	276015	5.29e+06	2.55219
106774	5.48922e+07	275485	5.29e+06	1.92998
107428	5.43236e+07	275511	5.29e+06	1.94125
107476	5.46228e+07	275737	5.29e+06	2.56947
107668	5.4425e+07	275039	5.29e+06	1.7449
106369	5.48767e+07	275457	5.29e+06	2.22541
107065	5.46212e+07	275543	5.29e+06	2.75302
106740	5.47147e+07	275400	5.29e+06	1.99501
107689	5.53371e+07	276097	5.29e+06	1.99501
107607	5.51034e+07	275989	5.29e+06	2.02688
106647	5.50227e+07	275677	5.29e+06	2.05952
106518	5.50004e+07	275687	5.29e+06	2.43622
106519	5.45965e+07	274285	5.29e+06	1.89184
106276	5.48444e+07	275475	5.29e+06	2.31795
107014	5.46317e+07	275512	5.29e+06	2.32243
108318	5.50109e+07	275889	5.29e+06	2.04096
106813	5.47372e+07	275569	5.29e+06	2.6848
108520	5.52673e+07	276115	5.29e+06	2.36774
106494	5.40812e+07	274205	5.29e+06	1.9913
106974	5.52506e+07	276015	5.29e+06	2.14413
106465	5.48074e+07	275518	5.29e+06	2.40947
106755	5.38537e+07	274432	5.29e+06	2.61581
107376	5.40626e+07	275173	5.29e+06	2.21811
107261	5.50924e+07	275989	5.29e+06	2.23526
107129	5.48265e+07	275694	5.29e+06	2.07654
106879	5.40932e+07	274887	5.29e+06	1.9817
106433	5.4654e+07	274971	5.29e+06	2.16038
108560	5.48469e+07	275863	5.29e+06	2.0535
107317	5.52258e+07	275997	5.29e+06	2.06938
107279	5.46276e+07	275737	5.29e+06	1.97696
107673	5.52692e+07	276061	5.29e+06	2.04774
108726	5.48214e+07	275863	5.29e+06	2.19917
106425	5.44968e+07	275055	5.29e+06	2.26048
106007	5.41796e+07	274324	5.29e+06	2.03136
106879	5.41228e+07	275089	5.29e+06	1.97811
107273	5.50603e+07	275989	5.29e+06	2.41318
107494	5.48309e+07	275863	5.29e+06	2.08397
106821	5.38189e+07	274475	5.29e+06	2.10752
106297	5.33078e+07	272118	5.29e+06	2.16934
107171	5.49682e+07	275871	5.29e+06	1.84371
106997	5.38367e+07	274771	5.29e+06	1.95635
106419	5.50371e+07	275695	5.29e+06	2.04198
106299	5.5058e+07	275626	5.29e+06	2.09024
107698	5.47457e+07	275763	5.29e+06	2.08525
107408	5.52187e+07	276015	5.29e+06	2.02765
107295	5.45117e+07	275637	5.29e+06	2.31885
108509	5.48296e+07	275845	5.29e+06	2.08998
107124	5.43137e+07	275123	5.29e+06	2.3392
106553	5.36532e+07	274058	5.29e+06	2.02202
107653	5.40204e+07	274989	5.29e+06	1.97171
107253	5.52949e+07	276115	5.29e+06	2.62541
105546	5.45109e+07	274198	5.29e+06	2.18995
107550	5.51828e+07	275997	5.29e+06	2.47565
106515	5.45739e+07	275124	5.29e+06	2.23488
106841	5.53293e+07	276115	5.29e+06	2.07693
107811	5.48308e+07	275845	5.29e+06	2.05875
107246	5.48815e+07	275863	5.29e+06	2.09306
107135	5.46167e+07	275563	5.29e+06	2.35443
107176	5.31557e+07	272341	5.29e+06	2.12902
106848	5.43182e+07	275460	5.29e+06	2.0256
106841	5.42938e+07	274983	5.29e+06	2.37645
105835	5.35375e+07	274022	5.29e+06	1.72237
106614	5.43809e+07	275039	5.29e+06	2.25126
107859	5.31903e+07	272719	5.29e+06	2.28314
