1072.5	800	250	20000	0.8
1072.5	800	250	20000	0.8
699.6	0	200	20000	0
1072.5	800	250	20000	0.8
1072.5	800	250	20000	0.8
1072.5	800	250	20000	0.8
1072.5	800	250	20000	0.8
699.6	0	200	20000	0
590.7	0	150	20000	0
1072.5	800	250	20000	0.8
1072.5	800	250	20000	0.8
1072.5	800	250	20000	0.8
1072.5	800	250	20000	0.8
1072.5	800	250	20000	0.8
1072.5	800	250	20000	0.8
1072.5	800	250	20000	0.8
1072.5	800	250	20000	0.8
1072.5	800	250	20000	0.8
1072.5	800	250	20000	0.8
699.6	0	200	20000	0
1072.5	800	250	20000	0.8
1072.5	800	250	20000	0.8
699.6	0	200	20000	0
590.7	0	150	20000	0
1072.5	800	250	20000	0.8
1072.5	800	250	20000	0.8
1072.5	800	250	20000	0.8
1072.5	800	250	20000	0.8
1072.5	800	250	20000	0.8
1072.5	800	250	20000	0.8
1072.5	800	250	20000	0.8
1072.5	800	250	20000	0.8
1072.5	800	250	20000	0.8
1072.5	800	250	20000	0.8
1072.5	800	250	20000	0.8
1072.5	800	250	20000	0.8
699.6	0	200	20000	0
699.6	0	200	20000	0
590.7	0	150	20000	0
699.6	0	200	20000	0
590.7	0	150	20000	0
590.7	0	150	20000	0
481.8	0	100	20000	0
699.6	0	200	20000	0
590.7	0	150	20000	0
590.7	0	150	20000	0
481.8	0	100	20000	0
699.6	0	200	20000	0
590.7	0	150	20000	0
590.7	0	150	20000	0
481.8	0	100	20000	0
