1018	0	3071	40000	0
974	0	2668	40000	0
996	0	2920	40000	0
952	0	2517	40000	0
930	0	2467	40000	0
886	0	2064	40000	0
908	0	2316	40000	0
864	0	1913	40000	0
1018	0	3071	40000	0
974	0	2668	40000	0
996	0	2920	40000	0
952	0	2517	40000	0
930	0	2467	40000	0
886	0	2064	40000	0
908	0	2316	40000	0
864	0	1913	40000	0
1007	0	2945	40000	0
963	0	2542	40000	0
985	0	2794	40000	0
919	0	2341	40000	0
875	0	1938	40000	0
897	0	2190	40000	0
853	0	1787	40000	0
1007	0	2945	40000	0
963	0	2542	40000	0
985	0	2794	40000	0
919	0	2341	40000	0
875	0	1938	40000	0
897	0	2190	40000	0
853	0	1787	40000	0
