106793	5.41426e+07	274885	5.29e+06	2.17165
106279	5.31935e+07	273360	5.29e+06	2.02483
107212	5.45274e+07	274948	5.29e+06	2.0247
106231	5.32451e+07	272376	5.29e+06	2.18266
107655	5.38212e+07	274475	5.29e+06	2.42944
107139	5.47406e+07	275418	5.29e+06	1.8432
107379	5.52034e+07	276015	5.29e+06	2.57485
107824	5.4565e+07	275637	5.29e+06	2.24192
107816	5.42301e+07	275360	5.29e+06	2.32755
107285	5.42079e+07	274811	5.29e+06	2.05555
106016	5.35371e+07	273399	5.29e+06	2.61389
107482	5.46198e+07	275543	5.29e+06	2.06528
107505	5.53324e+07	276115	5.29e+06	2.22157
106155	5.43771e+07	275039	5.29e+06	2.26688
107634	5.34667e+07	273978	5.29e+06	2.82086
106740	5.44604e+07	273964	5.29e+06	1.88416
106909	5.53421e+07	276115	5.29e+06	2.16384
106428	5.38212e+07	273424	5.29e+06	2.11482
106567	5.35281e+07	273520	5.29e+06	2.31808
107660	5.43069e+07	274939	5.29e+06	1.82925
107697	5.48012e+07	275551	5.29e+06	1.95277
106359	5.46047e+07	274763	5.29e+06	2.03763
107401	5.44786e+07	275098	5.29e+06	2.05722
106800	5.39636e+07	274685	5.29e+06	1.9031
107965	5.42323e+07	274334	5.29e+06	1.83322
106736	5.45164e+07	275037	5.29e+06	2.04467
106430	5.30845e+07	272425	5.29e+06	2.12083
105890	5.37878e+07	273054	5.29e+06	2.42739
107824	5.47366e+07	275763	5.29e+06	2.51379
108557	5.50178e+07	275889	5.29e+06	1.95418
106797	5.41955e+07	273888	5.29e+06	1.85318
106065	5.46353e+07	273864	5.29e+06	2.16294
107248	5.45036e+07	274158	5.29e+06	1.85702
106923	5.53204e+07	276115	5.29e+06	2.4375
107374	5.53303e+07	276115	5.29e+06	2.23309
106438	5.46577e+07	274133	5.29e+06	1.94893
106705	5.53425e+07	275964	5.29e+06	1.90963
106919	5.4342e+07	274745	5.29e+06	1.89542
107369	5.35048e+07	273349	5.29e+06	2.00115
106678	5.47235e+07	275040	5.29e+06	2.05709
106311	5.4762e+07	275357	5.29e+06	2.04493
106634	5.33738e+07	273727	5.29e+06	2.07962
107864	5.51192e+07	275971	5.29e+06	1.99091
107071	5.48654e+07	275863	5.29e+06	1.87942
107319	5.44822e+07	275292	5.29e+06	2.18125
108199	5.44611e+07	275486	5.29e+06	2.34829
107270	5.43463e+07	275399	5.29e+06	2.6089
106327	5.41339e+07	274494	5.29e+06	2.56768
108143	5.52455e+07	276015	5.29e+06	2.05862
106739	5.51444e+07	275410	5.29e+06	2.01856
107955	5.51917e+07	275997	5.29e+06	2.46067
106940	5.47034e+07	275469	5.29e+06	1.85971
107591	5.53437e+07	276115	5.29e+06	2.02547
107536	5.53106e+07	276115	5.29e+06	2.10829
107840	5.48884e+07	275317	5.29e+06	1.82298
106976	5.38597e+07	274835	5.29e+06	2.17741
106989	5.51061e+07	275971	5.29e+06	1.99347
106484	5.46362e+07	274953	5.29e+06	1.99526
106695	5.49484e+07	275342	5.29e+06	2.01126
106912	5.34913e+07	272839	5.29e+06	1.9721
106324	5.48217e+07	275518	5.29e+06	2.22042
106830	5.42254e+07	274972	5.29e+06	2.04877
107634	5.52178e+07	276015	5.29e+06	2.25946
107131	5.41422e+07	275079	5.29e+06	2.17523
106850	5.38207e+07	274410	5.29e+06	1.85741
107037	5.35026e+07	274198	5.29e+06	2.71424
106500	5.3697e+07	272184	5.29e+06	1.90746
106582	5.4732e+07	275224	5.29e+06	2.05427
107463	5.47619e+07	275763	5.29e+06	2.24499
107107	5.41278e+07	275107	5.29e+06	2.65101
107089	5.50814e+07	275989	5.29e+06	2.72499
106239	5.43363e+07	275072	5.29e+06	2.37402
107931	5.52895e+07	276115	5.29e+06	2.56768
107455	5.44581e+07	275519	5.29e+06	2.47014
106642	5.47101e+07	275594	5.29e+06	2.13325
107959	5.4431e+07	275343	5.29e+06	2.11302
107273	5.50758e+07	275989	5.29e+06	2.20659
107566	5.44646e+07	275159	5.29e+06	1.8839
107691	5.49719e+07	275889	5.29e+06	2.85005
106780	5.50343e+07	275677	5.29e+06	1.91821
107483	5.53278e+07	276097	5.29e+06	2.19494
107017	5.45843e+07	275507	5.29e+06	2.44288
105933	5.39172e+07	273568	5.29e+06	2.6368
107261	5.42981e+07	274939	5.29e+06	1.97581
107543	5.29967e+07	272268	5.29e+06	2.50739
107632	5.34459e+07	273835	5.29e+06	2.5303
107451	5.41753e+07	274803	5.29e+06	2.02368
106136	5.45284e+07	275065	5.29e+06	2.32166
106540	5.46191e+07	274821	5.29e+06	2.00397
106825	5.53189e+07	276079	5.29e+06	2.49306
107430	5.4022e+07	275234	5.29e+06	2.25638
107789	5.43581e+07	274435	5.29e+06	1.82157
106754	5.43612e+07	274210	5.29e+06	1.89555
107042	5.47656e+07	275763	5.29e+06	2.06016
106396	5.38376e+07	273784	5.29e+06	2.00115
106600	5.46753e+07	275612	5.29e+06	2.57626
107355	5.4592e+07	274165	5.29e+06	1.83731
106799	5.46739e+07	275008	5.29e+06	1.95853
106131	5.37503e+07	272822	5.29e+06	2.37094
106935	5.44661e+07	275274	5.29e+06	2.22118
107036	5.42092e+07	275023	5.29e+06	2.10714
106242	5.49088e+07	274922	5.29e+06	1.98566
107353	5.48133e+07	275763	5.29e+06	1.85178
107653	5.43087e+07	275230	5.29e+06	2.10752
106574	5.38421e+07	274054	5.29e+06	2.14451
106223	5.47583e+07	275375	5.29e+06	2.17395
107446	5.48945e+07	275669	5.29e+06	1.81414
107364	5.49678e+07	275871	5.29e+06	2.67686
107465	5.48383e+07	275863	5.29e+06	2.27866
106579	5.45529e+07	275249	5.29e+06	2.35891
106870	5.44404e+07	274845	5.29e+06	2.0055
106555	5.46252e+07	275349	5.29e+06	2.29581
107125	5.46449e+07	275137	5.29e+06	1.89645
106522	5.47403e+07	275357	5.29e+06	2.38566
106594	5.36853e+07	271780	5.29e+06	1.84205
107391	5.41715e+07	275173	5.29e+06	2.49472
107813	5.47889e+07	275712	5.29e+06	2.00435
107877	5.4225e+07	274839	5.29e+06	1.87763
106804	5.37583e+07	274324	5.29e+06	2.13069
106174	5.41677e+07	274023	5.29e+06	1.93958
106736	5.36681e+07	272759	5.29e+06	1.99834
106803	5.43057e+07	275105	5.29e+06	2.10893
107946	5.40877e+07	274813	5.29e+06	2.16819
108404	5.43308e+07	275381	5.29e+06	2.49037
106977	5.48643e+07	275615	5.29e+06	2.00141
107386	5.4729e+07	275224	5.29e+06	1.78752
107766	5.47632e+07	275551	5.29e+06	2.0759
106783	5.3594e+07	272752	5.29e+06	1.82938
106806	5.36823e+07	273864	5.29e+06	2.25754
107447	5.45871e+07	275392	5.29e+06	1.98067
107217	5.53165e+07	276097	5.29e+06	2.3104
107468	5.45287e+07	275249	5.29e+06	1.98694
106531	5.46628e+07	275257	5.29e+06	2.28813
106412	5.47758e+07	275124	5.29e+06	1.96378
107188	5.46831e+07	275469	5.29e+06	1.89619
107461	5.33556e+07	273283	5.29e+06	2.00883
106520	5.46675e+07	275257	5.29e+06	2.34547
106941	5.36488e+07	273550	5.29e+06	1.98413
107068	5.45297e+07	275122	5.29e+06	1.92307
107361	5.50543e+07	275971	5.29e+06	2.21824
106920	5.38184e+07	274356	5.29e+06	2.17114
106530	5.46214e+07	275137	5.29e+06	2.2615
106801	5.5009e+07	275550	5.29e+06	1.95635
107091	5.51307e+07	275989	5.29e+06	2.00333
106185	5.36481e+07	272513	5.29e+06	2.19341
106530	5.45027e+07	274306	5.29e+06	1.91974
107040	5.41218e+07	275030	5.29e+06	2.36429
107222	5.50527e+07	275989	5.29e+06	2.36301
106332	5.50387e+07	275695	5.29e+06	2.02086
107567	5.50798e+07	275953	5.29e+06	2.09114
106914	5.50589e+07	275971	5.29e+06	2.5888
106147	5.39587e+07	273608	5.29e+06	2.31475
106712	5.50886e+07	275989	5.29e+06	2.13235
107634	5.53076e+07	276079	5.29e+06	2.31872
107610	5.47402e+07	275551	5.29e+06	2.09082
105894	5.43569e+07	274860	5.29e+06	2.22592
108100	5.45249e+07	275443	5.29e+06	2.16947
107095	5.45598e+07	275619	5.29e+06	2.12122
106967	5.44803e+07	275486	5.29e+06	2.31501
107982	5.50905e+07	275989	5.29e+06	2.08294
108054	5.50795e+07	275989	5.29e+06	2.16282
107600	5.46089e+07	275525	5.29e+06	2.0951
106166	5.40056e+07	274450	5.29e+06	1.9543
106677	5.36013e+07	274122	5.29e+06	2.63142
106764	5.45544e+07	275055	5.29e+06	2.01139
106620	5.46683e+07	275469	5.29e+06	2.37286
107335	5.45078e+07	275029	5.29e+06	2.07258
107769	5.52858e+07	276097	5.29e+06	2.3959
107812	5.46205e+07	273889	5.29e+06	1.78624
106859	5.37234e+07	274090	5.29e+06	2.34586
107265	5.48361e+07	275633	5.29e+06	2.02355
107388	5.51176e+07	275989	5.29e+06	2.04736
106868	5.45277e+07	275443	5.29e+06	1.98784
106766	5.46061e+07	275737	5.29e+06	2.11034
107087	5.52255e+07	276015	5.29e+06	2.85171
106943	5.40746e+07	274946	5.29e+06	2.352
107342	5.3385e+07	271982	5.29e+06	1.95738
108057	5.45148e+07	275601	5.29e+06	2.17139
107306	5.43056e+07	274745	5.29e+06	1.92448
106778	5.46003e+07	275351	5.29e+06	2.29952
106686	5.52259e+07	275813	5.29e+06	2.18598
106764	5.5102e+07	275795	5.29e+06	1.97517
107165	5.42929e+07	275105	5.29e+06	2.20787
106476	5.47389e+07	275090	5.29e+06	2.30886
106360	5.38468e+07	273748	5.29e+06	2.29222
107383	5.45404e+07	275140	5.29e+06	1.98746
106625	5.44707e+07	274912	5.29e+06	2.02355
106206	5.46404e+07	274821	5.29e+06	2.13133
107264	5.48486e+07	275845	5.29e+06	2.1696
107405	5.43505e+07	275417	5.29e+06	2.52326
107708	5.46397e+07	275543	5.29e+06	1.94419
106663	5.42899e+07	275317	5.29e+06	2.28186
107116	5.4124e+07	275097	5.29e+06	2.36019
107135	5.42973e+07	274822	5.29e+06	2.00947
107390	5.43085e+07	275123	5.29e+06	2.1257
106944	5.53328e+07	276115	5.29e+06	2.11584
107447	5.37241e+07	274054	5.29e+06	2.0128
106715	5.48556e+07	275669	5.29e+06	2.26522
107416	5.42387e+07	275217	5.29e+06	1.90899
106527	5.46562e+07	275249	5.29e+06	2.32883
106648	5.49016e+07	275475	5.29e+06	2.0361
106804	5.48218e+07	275518	5.29e+06	1.83014
108252	5.41784e+07	274859	5.29e+06	2.00973
106385	5.40785e+07	274910	5.29e+06	2.65894
107156	5.37007e+07	274183	5.29e+06	2.25242
106307	5.50617e+07	275407	5.29e+06	2.66906
107191	5.52223e+07	276015	5.29e+06	2.12634
106738	5.42828e+07	274243	5.29e+06	1.90528
107084	5.50594e+07	275971	5.29e+06	2.50547
106305	5.39386e+07	274055	5.29e+06	2.06477
106825	5.43588e+07	274813	5.29e+06	1.88173
107113	5.49002e+07	275457	5.29e+06	1.81491
107520	5.53537e+07	276097	5.29e+06	1.93126
106709	5.488e+07	275651	5.29e+06	2.42509
107290	5.51588e+07	275989	5.29e+06	1.95763
108017	5.52049e+07	276015	5.29e+06	2.45274
106139	5.43725e+07	274402	5.29e+06	2.21478
107210	5.4652e+07	275543	5.29e+06	2.01971
106476	5.40618e+07	273757	5.29e+06	1.90182
108017	5.50655e+07	275971	5.29e+06	2.11558
107452	5.52988e+07	276079	5.29e+06	2.75955
106604	5.44943e+07	274065	5.29e+06	1.88826
107439	5.46323e+07	275359	5.29e+06	1.82797
106525	5.45878e+07	275525	5.29e+06	2.44058
107130	5.43719e+07	274871	5.29e+06	1.92435
106479	5.46065e+07	275165	5.29e+06	2.26688
106253	5.38225e+07	273713	5.29e+06	2.18022
106479	5.47474e+07	275230	5.29e+06	2.16998
106371	5.38678e+07	274802	5.29e+06	1.94931
107613	5.41096e+07	275273	5.29e+06	2.2272
106147	5.46554e+07	274075	5.29e+06	2.10586
107370	5.50888e+07	275989	5.29e+06	2.10061
106745	5.41844e+07	274896	5.29e+06	2.41997
107055	5.4674e+07	275451	5.29e+06	1.96032
108023	5.52904e+07	276115	5.29e+06	2.27533
107695	5.35612e+07	273774	5.29e+06	2.47027
107080	5.40682e+07	274513	5.29e+06	1.87021
106733	5.3497e+07	273643	5.29e+06	2.07206
106975	5.43958e+07	274871	5.29e+06	2.01216
107392	5.45371e+07	275047	5.29e+06	1.88186
106809	5.36935e+07	274038	5.29e+06	1.81965
106244	5.47414e+07	275004	5.29e+06	2.16794
106342	5.41592e+07	274885	5.29e+06	2.06362
107858	5.37792e+07	274343	5.29e+06	2.36966
106530	5.42349e+07	274187	5.29e+06	1.9081
107113	5.42371e+07	275360	5.29e+06	2.22182
107545	5.53302e+07	276097	5.29e+06	2.09178
106660	5.50188e+07	275626	5.29e+06	2.60019
106300	5.5073e+07	275759	5.29e+06	2.08243
106881	5.5231e+07	275997	5.29e+06	2.00589
107002	5.48691e+07	275753	5.29e+06	2.25754
106962	5.53063e+07	276115	5.29e+06	2.32179
107254	5.3596e+07	274316	5.29e+06	2.22618
106224	5.38881e+07	273519	5.29e+06	1.94867
106744	5.49843e+07	275889	5.29e+06	2.03712
106255	5.46188e+07	275147	5.29e+06	2.42957
107063	5.30461e+07	272533	5.29e+06	2.34278
106587	5.43361e+07	275266	5.29e+06	2.09203
107926	5.50435e+07	275935	5.29e+06	2.35546
106321	5.42473e+07	274972	5.29e+06	2.07194
106384	5.3604e+07	273542	5.29e+06	2.18752
105973	5.41512e+07	274494	5.29e+06	2.27942
106567	5.50097e+07	275608	5.29e+06	2.17331
106558	5.47528e+07	275533	5.29e+06	2.0416
106169	5.48489e+07	275291	5.29e+06	2.42342
107321	5.52076e+07	275997	5.29e+06	2.13773
106451	5.47149e+07	275173	5.29e+06	2.42496
106591	5.3769e+07	273964	5.29e+06	2.08474
106716	5.4631e+07	275543	5.29e+06	2.07168
106659	5.37498e+07	274306	5.29e+06	2.08563
100 generations
106125	5.37672e+07	273518	5.29e+06	1.84269
107207	5.43638e+07	275029	5.29e+06	2.10266
106306	5.48336e+07	274050	5.29e+06	1.91014
105979	5.38978e+07	273457	5.29e+06	2.31398
107032	5.51026e+07	275425	5.29e+06	1.93549
106830	5.46141e+07	275349	5.29e+06	1.99667
106810	5.36177e+07	273252	5.29e+06	2.22029
106689	5.43644e+07	275029	5.29e+06	2.21363
106309	5.4863e+07	275475	5.29e+06	2.12915
107377	5.50224e+07	275820	5.29e+06	1.92666
106440	5.47761e+07	275064	5.29e+06	1.90144
106852	5.42843e+07	275190	5.29e+06	2.28429
106122	5.44913e+07	274558	5.29e+06	2.54464
108010	5.50541e+07	275971	5.29e+06	2.56691
107612	5.47761e+07	275763	5.29e+06	2.07232
106726	5.49888e+07	275695	5.29e+06	2.1472
107279	5.42566e+07	275166	5.29e+06	2.0704
107996	5.45064e+07	275425	5.29e+06	2.14298
107694	5.37585e+07	274684	5.29e+06	2.19008
107700	5.50549e+07	275971	5.29e+06	2.25626
106842	5.45188e+07	274216	5.29e+06	1.90938
106886	5.35222e+07	273443	5.29e+06	2.24346
106329	5.46872e+07	275040	5.29e+06	2.4352
107520	5.45697e+07	275425	5.29e+06	2.06298
108004	5.42407e+07	275135	5.29e+06	1.99002
105636	5.4578e+07	274793	5.29e+06	2.8416
106271	5.43313e+07	274500	5.29e+06	2.1481
107717	5.47024e+07	275166	5.29e+06	1.81325
106999	5.49783e+07	275526	5.29e+06	1.98694
107386	5.45889e+07	275249	5.29e+06	1.8912
106586	5.34637e+07	271460	5.29e+06	2.2144
106619	5.42593e+07	274972	5.29e+06	1.96506
107735	5.52326e+07	275997	5.29e+06	2.55514
106117	5.47405e+07	274702	5.29e+06	2.08589
107733	5.47745e+07	275569	5.29e+06	1.98669
107250	5.48828e+07	275771	5.29e+06	2.21261
106637	5.3633e+07	273760	5.29e+06	2.31885
106030	5.48872e+07	275123	5.29e+06	1.95686
106786	5.32781e+07	273130	5.29e+06	2.07424
108261	5.4951e+07	275738	5.29e+06	1.89389
107666	5.50346e+07	275590	5.29e+06	1.88928
106798	5.39465e+07	273810	5.29e+06	1.96851
107483	5.48716e+07	275467	5.29e+06	1.92474
106400	5.36493e+07	273400	5.29e+06	2.68288
106586	5.41875e+07	273914	5.29e+06	1.9241
107588	5.46044e+07	275512	5.29e+06	2.10086
107054	5.43576e+07	273982	5.29e+06	1.91706
107524	5.35043e+07	273285	5.29e+06	2.01178
106835	5.41563e+07	274701	5.29e+06	2.00218
106965	5.39581e+07	274501	5.29e+06	2.0137
107793	5.52943e+07	276079	5.29e+06	3.05882
107904	5.50198e+07	275586	5.29e+06	1.89734
107041	5.48392e+07	275669	5.29e+06	2.15462
107711	5.48482e+07	275845	5.29e+06	1.98682
106738	5.42227e+07	274526	5.29e+06	2.19021
107032	5.4773e+07	275518	5.29e+06	2.08218
106658	5.44957e+07	275223	5.29e+06	2.00576
107644	5.48685e+07	275669	5.29e+06	1.97773
107089	5.46783e+07	275663	5.29e+06	2.48678
107399	5.50879e+07	275838	5.29e+06	1.97184
106647	5.40276e+07	274500	5.29e+06	2.44672
106923	5.36166e+07	271522	5.29e+06	2.01024
106174	5.42491e+07	274325	5.29e+06	2.43392
107689	5.51059e+07	275971	5.29e+06	2.11213
107228	5.5402e+07	276115	5.29e+06	2.03981
106643	5.45319e+07	273763	5.29e+06	1.88109
107361	5.50861e+07	275989	5.29e+06	2.39898
106710	5.50634e+07	275173	5.29e+06	1.92717
107523	5.52174e+07	275997	5.29e+06	2.66765
106635	5.49708e+07	275889	5.29e+06	2.61235
107418	5.34368e+07	272143	5.29e+06	1.95533
107447	5.40134e+07	274644	5.29e+06	1.84589
107623	5.36411e+07	273502	5.29e+06	1.94125
107262	5.48245e+07	275863	5.29e+06	2.30579
107164	5.36106e+07	272534	5.29e+06	1.8976
106805	5.53201e+07	276115	5.29e+06	2.56179
106923	5.42796e+07	274885	5.29e+06	1.95392
106621	5.4529e+07	275140	5.29e+06	2.16077
107434	5.4526e+07	275443	5.29e+06	2.10624
107040	5.51151e+07	275989	5.29e+06	2.08371
107322	5.49439e+07	275771	5.29e+06	1.90234
106647	5.48515e+07	275651	5.29e+06	2.59251
106964	5.42367e+07	273586	5.29e+06	1.85587
107671	5.43825e+07	275192	5.29e+06	2.15117
107555	5.48426e+07	275518	5.29e+06	1.88006
106771	5.44691e+07	274468	5.29e+06	1.91898
107955	5.50787e+07	275989	5.29e+06	2.34496
106717	5.35818e+07	273249	5.29e+06	2.23821
107839	5.39959e+07	275040	5.29e+06	2.11789
108214	5.39919e+07	274662	5.29e+06	2.08704
107423	5.47087e+07	275745	5.29e+06	2.41203
107560	5.38083e+07	274590	5.29e+06	2.29171
107796	5.46536e+07	275461	5.29e+06	2.08947
107053	5.43911e+07	275399	5.29e+06	2.15834
106560	5.3564e+07	273601	5.29e+06	2.37248
106415	5.3489e+07	274022	5.29e+06	2.41882
106567	5.43404e+07	274695	5.29e+06	2.46413
106463	5.4754e+07	275518	5.29e+06	2.41651
107298	5.29027e+07	272450	5.29e+06	2.22822
108370	5.45102e+07	275601	5.29e+06	2.17728
107783	5.4841e+07	275518	5.29e+06	1.93395
106569	5.43128e+07	274796	5.29e+06	2.27366
106616	5.43178e+07	274551	5.29e+06	2.15309
107367	5.49072e+07	275559	5.29e+06	1.93574
106216	5.47148e+07	274863	5.29e+06	2.37722
107545	5.46877e+07	275663	5.29e+06	2.20608
106683	5.41921e+07	274518	5.29e+06	2.33037
107093	5.5081e+07	275953	5.29e+06	2.63219
107923	5.34708e+07	273119	5.29e+06	1.99296
107384	5.43796e+07	275593	5.29e+06	2.16154
106695	5.36508e+07	273341	5.29e+06	2.17587
107052	5.40436e+07	272134	5.29e+06	1.80288
107162	5.47712e+07	275763	5.29e+06	2.47526
106111	5.47545e+07	274870	5.29e+06	2.15718
107297	5.50943e+07	275971	5.29e+06	2.21875
108119	5.52801e+07	276079	5.29e+06	2.35866
106952	5.35949e+07	273736	5.29e+06	2.19789
107065	5.46971e+07	275663	5.29e+06	2.07437
107375	5.51983e+07	275828	5.29e+06	1.86355
107559	5.46296e+07	275737	5.29e+06	2.43392
107281	5.50665e+07	275971	5.29e+06	2.22746
106706	5.35775e+07	271873	5.29e+06	2.07539
106619	5.47606e+07	275375	5.29e+06	2.24205
107115	5.45333e+07	275065	5.29e+06	1.98285
106915	5.44617e+07	275343	5.29e+06	2.00666
108101	5.47349e+07	275612	5.29e+06	1.97466
107267	5.42263e+07	274829	5.29e+06	1.95725
107100	5.50386e+07	275586	5.29e+06	1.95571
106919	5.362e+07	272913	5.29e+06	2.06605
106399	5.45333e+07	274198	5.29e+06	1.91014
106982	5.48968e+07	275457	5.29e+06	2.01446
106351	5.40256e+07	273845	5.29e+06	2.0576
108174	5.52959e+07	276115	5.29e+06	2.39386
107365	5.53361e+07	276097	5.29e+06	1.96992
106038	5.40611e+07	272931	5.29e+06	2.01331
107725	5.47908e+07	275712	5.29e+06	2.02048
106997	5.42356e+07	274863	5.29e+06	2.14349
107434	5.48192e+07	275712	5.29e+06	2.0576
107306	5.49472e+07	275738	5.29e+06	2.03123
107170	5.44993e+07	274878	5.29e+06	1.87718
106304	5.40539e+07	274148	5.29e+06	1.93459
107680	5.48167e+07	275845	5.29e+06	2.51392
106966	5.41274e+07	274895	5.29e+06	2.22323
106953	5.52337e+07	276015	5.29e+06	1.96429
107197	5.50938e+07	275989	5.29e+06	2.27469
107419	5.50859e+07	275971	5.29e+06	2.11635
107397	5.47366e+07	275745	5.29e+06	2.15578
106887	5.41408e+07	274814	5.29e+06	2.0055
107841	5.46612e+07	275165	5.29e+06	1.87686
107007	5.4114e+07	273940	5.29e+06	1.93357
106421	5.35626e+07	272946	5.29e+06	2.13824
107612	5.53078e+07	276079	5.29e+06	2.1175
106059	5.48576e+07	275475	5.29e+06	2.22605
106823	5.29787e+07	272231	5.29e+06	2.52762
107060	5.47771e+07	275676	5.29e+06	2.36749
106834	5.46401e+07	273900	5.29e+06	1.89606
106808	5.41649e+07	274494	5.29e+06	2.05837
107385	5.45423e+07	275037	5.29e+06	1.90618
106482	5.45999e+07	275208	5.29e+06	2.18778
106899	5.32365e+07	273653	5.29e+06	2.10624
107386	5.53785e+07	276097	5.29e+06	1.92806
107163	5.46899e+07	275022	5.29e+06	1.87226
106367	5.44178e+07	274845	5.29e+06	2.07296
106336	5.43229e+07	274526	5.29e+06	1.97171
107875	5.39786e+07	274392	5.29e+06	1.86432
106562	5.39704e+07	273626	5.29e+06	2.12352
107764	5.47254e+07	275612	5.29e+06	2.01382
107733	5.40016e+07	274410	5.29e+06	1.81824
107394	5.44447e+07	275013	5.29e+06	1.95968
107587	5.351e+07	274032	5.29e+06	2.49997
106929	5.49614e+07	275702	5.29e+06	2.08
107122	5.49446e+07	275738	5.29e+06	2.10099
107268	5.4865e+07	275863	5.29e+06	2.18816
107589	5.4895e+07	275863	5.29e+06	1.92166
107220	5.49815e+07	275687	5.29e+06	2.07168
107609	5.45718e+07	275443	5.29e+06	2.06643
107085	5.45107e+07	274795	5.29e+06	1.82899
107173	5.40859e+07	274762	5.29e+06	2.16294
106335	5.50067e+07	275695	5.29e+06	2.4745
108166	5.45219e+07	275619	5.29e+06	2.23334
106694	5.44677e+07	275072	5.29e+06	2.19302
106987	5.45397e+07	273964	5.29e+06	1.84666
106935	5.3651e+07	273072	5.29e+06	2.03891
107363	5.41458e+07	274877	5.29e+06	1.97427
107322	5.41934e+07	275033	5.29e+06	2.00909
107155	5.45524e+07	275568	5.29e+06	2.20403
106902	5.5332e+07	276115	5.29e+06	2.52109
107065	5.44869e+07	273309	5.29e+06	1.82144
106977	5.44598e+07	275292	5.29e+06	2.34803
107337	5.50097e+07	275889	5.29e+06	2.1344
106328	5.44006e+07	275039	5.29e+06	2.56666
107014	5.41988e+07	275005	5.29e+06	2.12442
107166	5.50972e+07	275989	5.29e+06	2.13082
107346	5.5076e+07	275989	5.29e+06	2.5623
106626	5.42328e+07	274576	5.29e+06	2.21184
106580	5.47373e+07	275224	5.29e+06	1.97619
106918	5.49343e+07	275256	5.29e+06	1.9584
106652	5.49442e+07	275274	5.29e+06	2.03443
106654	5.36518e+07	273147	5.29e+06	1.95558
107527	5.48652e+07	275845	5.29e+06	2.06797
106893	5.46933e+07	275469	5.29e+06	2.04902
107630	5.39462e+07	274576	5.29e+06	2.14989
106075	5.46345e+07	274752	5.29e+06	2.13325
106775	5.48692e+07	275651	5.29e+06	2.10483
107024	5.51005e+07	275971	5.29e+06	2.60141
107132	5.41032e+07	274803	5.29e+06	1.8304
107674	5.50875e+07	275838	5.29e+06	1.85165
107034	5.40547e+07	275064	5.29e+06	2.37005
106974	5.45793e+07	274550	5.29e+06	1.90451
106842	5.50769e+07	275795	5.29e+06	2.31718
107468	5.52214e+07	276015	5.29e+06	2.69069
106230	5.35894e+07	272418	5.29e+06	2.47834
106421	5.51147e+07	275795	5.29e+06	2.90406
106794	5.50207e+07	275871	5.29e+06	2.59533
107284	5.49883e+07	275889	5.29e+06	2.3735
106299	5.48025e+07	274871	5.29e+06	2.23923
105587	5.44604e+07	273244	5.29e+06	2.20826
106788	5.40129e+07	274080	5.29e+06	1.97261
106661	5.42532e+07	274788	5.29e+06	2.24755
106824	5.4155e+07	274515	5.29e+06	2.12416
106917	5.4844e+07	275651	5.29e+06	2.26304
108460	5.52827e+07	276097	5.29e+06	2.33574
106663	5.42314e+07	274778	5.29e+06	2.18202
107395	5.45416e+07	274461	5.29e+06	1.82784
107822	5.53162e+07	276079	5.29e+06	2.0768
107206	5.49354e+07	275486	5.29e+06	1.88493
106091	5.52582e+07	276015	5.29e+06	2.26291
107722	5.4817e+07	275809	5.29e+06	2.26432
107379	5.49956e+07	275889	5.29e+06	2.00013
107368	5.47821e+07	275676	5.29e+06	1.99795
106963	5.41654e+07	273863	5.29e+06	1.92429
107615	5.43025e+07	274939	5.29e+06	1.90195
107032	5.41501e+07	274701	5.29e+06	1.93549
106939	5.47511e+07	275367	5.29e+06	1.78483
106054	5.3441e+07	272644	5.29e+06	2.50458
106889	5.40236e+07	274662	5.29e+06	2.13082
106932	5.4338e+07	275054	5.29e+06	2.2633
107273	5.50526e+07	275971	5.29e+06	3.0807
107327	5.40483e+07	274101	5.29e+06	1.936
106325	5.4114e+07	274190	5.29e+06	1.96288
106745	5.46396e+07	274787	5.29e+06	1.95904
106931	5.4082e+07	275191	5.29e+06	2.29875
107933	5.48648e+07	275863	5.29e+06	2.1376
106516	5.49582e+07	275241	5.29e+06	2.07501
106980	5.33723e+07	273274	5.29e+06	2.08346
106994	5.36237e+07	274141	5.29e+06	2.18099
106654	5.4642e+07	275469	5.29e+06	2.44634
106534	5.40189e+07	274217	5.29e+06	2.7351
106121	5.36589e+07	273721	5.29e+06	2.15987
107602	5.43692e+07	275417	5.29e+06	2.31859
107369	5.46989e+07	275469	5.29e+06	1.97581
107715	5.53167e+07	276115	5.29e+06	2.33306
107503	5.41535e+07	275079	5.29e+06	2.02778
106440	5.47656e+07	274914	5.29e+06	1.82528
106294	5.45557e+07	274084	5.29e+06	1.92435
107292	5.36467e+07	272913	5.29e+06	1.93971
106791	5.39622e+07	273854	5.29e+06	1.86586
106332	5.50794e+07	275512	5.29e+06	2.14054
106578	5.48876e+07	275375	5.29e+06	2.08678
107629	5.49861e+07	275889	5.29e+06	2.56115
106650	5.51132e+07	275611	5.29e+06	1.97069
107008	5.4517e+07	275356	5.29e+06	2.56192
107279	5.45421e+07	275231	5.29e+06	1.93664
106424	5.40502e+07	273695	5.29e+06	2.04429
107069	5.35085e+07	274022	5.29e+06	2.19302
107064	5.4316e+07	274183	5.29e+06	1.88762
107275	5.53363e+07	275493	5.29e+06	1.84218
106114	5.38772e+07	272579	5.29e+06	2.4375
106809	5.51098e+07	275989	5.29e+06	2.13683
106312	5.45977e+07	274512	5.29e+06	2.00602
106788	5.43807e+07	275049	5.29e+06	2.11955
107561	5.53347e+07	276115	5.29e+06	2.20301
107427	5.42795e+07	275317	5.29e+06	2.30963
106399	5.46003e+07	274533	5.29e+06	2.0512
106949	5.53518e+07	276115	5.29e+06	2.14797
106972	5.50564e+07	275820	5.29e+06	2.02701
106995	5.36121e+07	273559	5.29e+06	2.07398
107363	5.44088e+07	275417	5.29e+06	2.0695
107028	5.47244e+07	274116	5.29e+06	1.88058
105967	5.46497e+07	274167	5.29e+06	2.28442
107074	5.48449e+07	275669	5.29e+06	2.10458
106376	5.42516e+07	274543	5.29e+06	2.2615
107899	5.45484e+07	275443	5.29e+06	1.99885
106900	5.49957e+07	275374	5.29e+06	1.95686
107146	5.48456e+07	275845	5.29e+06	2.27379
106771	5.35115e+07	272186	5.29e+06	2.13069
108114	5.47389e+07	275763	5.29e+06	2.60992
106725	5.47358e+07	275551	5.29e+06	2.29171
106672	5.31811e+07	271796	5.29e+06	2.12557
107645	5.49792e+07	275871	5.29e+06	2.45414
107426	5.43524e+07	275223	5.29e+06	2.23002
107120	5.50785e+07	275989	5.29e+06	2.83622
107115	5.4406e+07	273561	5.29e+06	1.8304
106037	5.41751e+07	273713	5.29e+06	2.6135
106704	5.50179e+07	275695	5.29e+06	2.09792
107785	5.47685e+07	275763	5.29e+06	2.03494
107609	5.40058e+07	275040	5.29e+06	2.06016
105992	5.49071e+07	275072	5.29e+06	2.24128
106906	5.495e+07	275595	5.29e+06	2.04314
107589	5.50226e+07	275853	5.29e+06	1.93114
107066	5.42259e+07	274839	5.29e+06	2.01894
106270	5.47002e+07	274921	5.29e+06	2.36698
106846	5.40753e+07	274609	5.29e+06	2.12672
106435	5.45528e+07	275004	5.29e+06	2.38618
107275	5.47777e+07	275763	5.29e+06	2.14285
106746	5.43878e+07	275223	5.29e+06	2.11661
107468	5.46001e+07	274349	5.29e+06	1.82451
107106	5.41462e+07	274507	5.29e+06	1.90573
107233	5.51188e+07	275713	5.29e+06	2.01318
107229	5.50164e+07	275695	5.29e+06	1.94701
107244	5.53646e+07	276115	5.29e+06	1.97901
107148	5.4404e+07	275029	5.29e+06	2.03046
107216	5.46812e+07	274954	5.29e+06	1.93766
107700	5.43897e+07	275215	5.29e+06	1.98464
106637	5.4642e+07	275349	5.29e+06	2.11917
106660	5.48459e+07	275669	5.29e+06	2.25459
107538	5.52642e+07	276015	5.29e+06	1.94483
107117	5.49839e+07	275374	5.29e+06	1.97952
107963	5.37965e+07	274518	5.29e+06	2.0544
106292	5.37482e+07	274072	5.29e+06	2.12902
106923	5.48877e+07	275845	5.29e+06	2.21594
107957	5.46161e+07	275737	5.29e+06	2.12749
107970	5.53536e+07	276115	5.29e+06	1.9753
106812	5.43645e+07	274710	5.29e+06	1.94368
107704	5.45497e+07	275425	5.29e+06	2.03802
107262	5.40494e+07	273958	5.29e+06	1.94598
107623	5.5225e+07	276015	5.29e+06	2.56627
107187	5.41891e+07	273032	5.29e+06	1.76371
106975	5.4975e+07	275544	5.29e+06	2.03814
106236	5.49544e+07	275274	5.29e+06	2.14925
107016	5.4577e+07	275198	5.29e+06	1.99424
107888	5.48433e+07	275669	5.29e+06	1.95584
107518	5.45872e+07	275737	5.29e+06	2.49331
107250	5.5116e+07	275989	5.29e+06	1.94048
107847	5.4632e+07	275543	5.29e+06	1.9561
108515	5.50751e+07	275989	5.29e+06	2.99098
106480	5.45684e+07	274956	5.29e+06	2.04147
106181	5.41857e+07	274130	5.29e+06	1.97402
106528	5.40674e+07	274407	5.29e+06	2.1129
107140	5.43047e+07	275105	5.29e+06	2.1495
106796	5.47868e+07	275375	5.29e+06	2.03674
107272	5.53384e+07	276115	5.29e+06	1.99808
106429	5.41757e+07	274191	5.29e+06	2.24883
107237	5.53437e+07	276115	5.29e+06	2.35622
107569	5.48325e+07	275845	5.29e+06	2.24371
107044	5.50154e+07	275626	5.29e+06	2.00704
107014	5.45036e+07	275619	5.29e+06	2.24358
106264	5.43948e+07	274661	5.29e+06	2.29901
107341	5.46211e+07	275737	5.29e+06	2.44954
107411	5.36132e+07	274316	5.29e+06	2.21926
106490	5.33736e+07	273155	5.29e+06	2.21606
106781	5.51105e+07	275989	5.29e+06	2.26022
106623	5.46475e+07	275543	5.29e+06	2.13709
106707	5.45277e+07	275292	5.29e+06	2.06925
107123	5.48378e+07	275669	5.29e+06	2.03034
107206	5.53006e+07	276097	5.29e+06	2.16128
106511	5.32869e+07	272512	5.29e+06	2.25715
107013	5.47734e+07	275569	5.29e+06	2.00602
106600	5.36515e+07	274457	5.29e+06	1.97581
106488	5.42726e+07	274551	5.29e+06	2.18893
106931	5.41551e+07	274913	5.29e+06	2.39808
107538	5.52959e+07	276079	5.29e+06	2.24781
106655	5.42074e+07	275023	5.29e+06	2.26394
107134	5.37898e+07	274871	5.29e+06	2.43149
105756	5.43132e+07	273845	5.29e+06	2.14618
106130	5.42716e+07	274450	5.29e+06	2.08141
106341	5.46042e+07	275165	5.29e+06	1.9639
106313	5.48458e+07	275457	5.29e+06	2.27251
106214	5.4092e+07	274123	5.29e+06	2.15757
106479	5.43865e+07	274651	5.29e+06	2.6377
106558	5.49967e+07	275659	5.29e+06	2.05453
107282	5.44767e+07	275486	5.29e+06	2.1641
107015	5.53091e+07	276097	5.29e+06	2.27034
106716	5.47866e+07	275551	5.29e+06	2.5047
107361	5.46128e+07	275645	5.29e+06	2.18099
107858	5.521e+07	276015	5.29e+06	2.09421
106735	5.46156e+07	275543	5.29e+06	2.10419
106598	5.43875e+07	275011	5.29e+06	2.00794
106221	5.42652e+07	274349	5.29e+06	2.23987
106459	5.51028e+07	275777	5.29e+06	2.28966
200 generations
105988	5.40333e+07	273307	5.29e+06	2.32666
105999	5.46159e+07	275331	5.29e+06	2.12326
106598	5.45516e+07	275443	5.29e+06	2.06835
106527	5.32367e+07	272896	5.29e+06	2.24256
106880	5.45328e+07	274695	5.29e+06	1.86035
107255	5.49396e+07	275789	5.29e+06	2.02586
107022	5.47233e+07	275224	5.29e+06	1.9063
107502	5.47551e+07	275533	5.29e+06	1.87866
106877	5.42013e+07	275005	5.29e+06	2.46656
106190	5.35324e+07	273055	5.29e+06	2.30054
106726	5.38304e+07	274256	5.29e+06	2.63552
106656	5.47736e+07	275569	5.29e+06	2.24742
107257	5.41177e+07	275140	5.29e+06	1.88941
107924	5.51969e+07	276015	5.29e+06	2.21926
107547	5.43499e+07	274888	5.29e+06	1.84653
107102	5.50924e+07	275989	5.29e+06	2.85862
107742	5.36246e+07	274166	5.29e+06	2.29786
107786	5.39745e+07	274410	5.29e+06	2.00755
107176	5.46958e+07	275594	5.29e+06	2.46221
106542	5.46152e+07	275349	5.29e+06	2.52941
106707	5.33508e+07	273965	5.29e+06	2.29402
107473	5.4369e+07	275233	5.29e+06	2.03763
106989	5.39887e+07	272855	5.29e+06	1.88608
107804	5.52516e+07	276015	5.29e+06	2.02253
106931	5.45169e+07	275443	5.29e+06	2.61427
106831	5.38962e+07	274189	5.29e+06	2.15987
106607	5.43805e+07	275029	5.29e+06	2.46438
106989	5.46004e+07	275014	5.29e+06	1.94739
107051	5.37348e+07	274112	5.29e+06	2.31104
107807	5.51121e+07	275989	5.29e+06	2.09869
107815	5.45253e+07	275443	5.29e+06	2.00986
106149	5.35947e+07	273542	5.29e+06	2.24986
107211	5.49266e+07	275753	5.29e+06	2.048
106718	5.46213e+07	275525	5.29e+06	2.50445
106453	5.44063e+07	274845	5.29e+06	1.91386
106665	5.40058e+07	274382	5.29e+06	2.13824
107169	5.48086e+07	275712	5.29e+06	1.91872
106900	5.50506e+07	275889	5.29e+06	2.20058
107171	5.39615e+07	274604	5.29e+06	2.4073
107257	5.48378e+07	275827	5.29e+06	2.19302
106935	5.48417e+07	275669	5.29e+06	2.21299
106707	5.50038e+07	275608	5.29e+06	2.42931
107179	5.50034e+07	275889	5.29e+06	2.24755
107323	5.3922e+07	274334	5.29e+06	2.05427
106222	5.4486e+07	274267	5.29e+06	2.01818
107141	5.34934e+07	273203	5.29e+06	1.95622
107514	5.53076e+07	276115	5.29e+06	2.04979
106894	5.50303e+07	275853	5.29e+06	1.91706
107241	5.4585e+07	275392	5.29e+06	2.016
106543	5.36424e+07	274053	5.29e+06	2.26867
106341	5.39962e+07	274155	5.29e+06	2.28275
107162	5.53224e+07	276097	5.29e+06	3.13728
107022	5.42777e+07	274543	5.29e+06	1.94202
107124	5.52309e+07	276015	5.29e+06	2.43802
106052	5.41381e+07	274691	5.29e+06	2.07514
107279	5.42139e+07	275148	5.29e+06	2.33037
106686	5.44038e+07	274845	5.29e+06	2.16461
106707	5.49951e+07	275677	5.29e+06	2.14912
107252	5.47631e+07	275551	5.29e+06	1.87878
107339	5.36694e+07	273468	5.29e+06	1.91616
106889	5.40699e+07	274500	5.29e+06	2.0096
107121	5.36619e+07	274467	5.29e+06	2.1504
106553	5.53583e+07	276115	5.29e+06	1.9657
107135	5.42356e+07	275148	5.29e+06	2.21696
107864	5.48947e+07	275863	5.29e+06	2.04595
107457	5.40632e+07	274601	5.29e+06	1.99552
108203	5.46496e+07	275443	5.29e+06	1.99501
107368	5.39663e+07	274400	5.29e+06	2.0695
106913	5.40628e+07	274425	5.29e+06	2.20762
107013	5.46111e+07	275543	5.29e+06	2.39616
107716	5.53411e+07	276115	5.29e+06	2.04467
106892	5.4455e+07	275080	5.29e+06	2.00448
106741	5.44212e+07	274208	5.29e+06	1.88979
106441	5.40372e+07	273695	5.29e+06	2.2624
107745	5.47836e+07	275763	5.29e+06	2.10931
107714	5.4633e+07	275461	5.29e+06	2.16973
106822	5.38153e+07	274299	5.29e+06	2.22874
106731	5.47658e+07	275569	5.29e+06	2.57677
106843	5.37488e+07	273762	5.29e+06	2.24973
106997	5.41232e+07	273864	5.29e+06	1.89926
106594	5.51002e+07	275795	5.29e+06	2.57562
106724	5.49722e+07	275720	5.29e+06	2.00166
107194	5.47118e+07	275469	5.29e+06	2.07322
106824	5.41842e+07	274903	5.29e+06	2.21069
106891	5.34215e+07	272712	5.29e+06	2.02726
106999	5.38874e+07	272899	5.29e+06	1.8231
107784	5.5058e+07	275971	5.29e+06	2.45485
106822	5.486e+07	275669	5.29e+06	2.29786
107567	5.45195e+07	275619	5.29e+06	2.22477
107487	5.43309e+07	275266	5.29e+06	2.0512
107680	5.51424e+07	275989	5.29e+06	1.94138
106008	5.45449e+07	274568	5.29e+06	2.14938
108066	5.53063e+07	276115	5.29e+06	2.85325
106327	5.38404e+07	273795	5.29e+06	2.45018
106556	5.37094e+07	271698	5.29e+06	2.00282
106865	5.50981e+07	275971	5.29e+06	2.42496
107316	5.43014e+07	274626	5.29e+06	1.88467
106253	5.47287e+07	275349	5.29e+06	2.02957
106965	5.5115e+07	275989	5.29e+06	2.18931
107024	5.53269e+07	276115	5.29e+06	2.17088
106282	5.40919e+07	274356	5.29e+06	2.17523
107152	5.43063e+07	275014	5.29e+06	2.0535
107416	5.53268e+07	276061	5.29e+06	2.01523
107139	5.39868e+07	274713	5.29e+06	2.14925
107445	5.45189e+07	275407	5.29e+06	2.2999
107066	5.53244e+07	276097	5.29e+06	2.15552
107301	5.48635e+07	275845	5.29e+06	2.25459
106237	5.46044e+07	274787	5.29e+06	2.14605
106115	5.40788e+07	274231	5.29e+06	1.93613
107495	5.50255e+07	275493	5.29e+06	1.84448
106619	5.45131e+07	275047	5.29e+06	2.65766
107432	5.50218e+07	275853	5.29e+06	2.05043
106614	5.50158e+07	275695	5.29e+06	2.10176
107206	5.47066e+07	275257	5.29e+06	2.01536
106937	5.47526e+07	275569	5.29e+06	2.30682
106506	5.43886e+07	274845	5.29e+06	2.18112
106925	5.47631e+07	275727	5.29e+06	2.33626
107259	5.50735e+07	275989	5.29e+06	2.12173
106723	5.52726e+07	276015	5.29e+06	2.11187
106413	5.52164e+07	275813	5.29e+06	2.57562
107219	5.48774e+07	275863	5.29e+06	2.08627
107823	5.45232e+07	275241	5.29e+06	1.97837
107365	5.52989e+07	276079	5.29e+06	2.19866
107224	5.50288e+07	275889	5.29e+06	2.03507
107034	5.43875e+07	275386	5.29e+06	2.40896
106305	5.4927e+07	275651	5.29e+06	2.92915
106859	5.35353e+07	272714	5.29e+06	1.9456
107087	5.4755e+07	275367	5.29e+06	2.04774
106938	5.41757e+07	273619	5.29e+06	1.81478
107184	5.41741e+07	274719	5.29e+06	1.90042
107372	5.37926e+07	274588	5.29e+06	2.16614
107379	5.53317e+07	276115	5.29e+06	2.10701
107075	5.47929e+07	275763	5.29e+06	2.0576
106478	5.3968e+07	273525	5.29e+06	2.18637
107589	5.43726e+07	275417	5.29e+06	2.37466
106502	5.45299e+07	275231	5.29e+06	2.13222
107308	5.38276e+07	273351	5.29e+06	1.96224
106887	5.39943e+07	274175	5.29e+06	1.91654
107152	5.4273e+07	275317	5.29e+06	2.07424
107457	5.5025e+07	275871	5.29e+06	2.11418
106871	5.45501e+07	274867	5.29e+06	1.96
107393	5.47729e+07	275569	5.29e+06	1.93626
107248	5.39407e+07	274391	5.29e+06	1.85984
107374	5.46549e+07	275525	5.29e+06	2.0041
107970	5.4366e+07	275611	5.29e+06	2.6953
107663	5.47246e+07	275612	5.29e+06	2.08781
107071	5.47712e+07	275745	5.29e+06	1.93818
106067	5.38756e+07	273073	5.29e+06	2.30323
107448	5.3966e+07	274897	5.29e+06	2.19584
107142	5.40499e+07	274762	5.29e+06	2.46182
106341	5.40207e+07	273521	5.29e+06	2.05069
108002	5.50256e+07	275871	5.29e+06	2.0105
107900	5.50045e+07	275889	5.29e+06	2.21184
106878	5.40634e+07	274762	5.29e+06	2.14234
107512	5.50447e+07	275889	5.29e+06	1.9127
106736	5.45107e+07	275241	5.29e+06	2.11725
106856	5.36803e+07	273670	5.29e+06	2.23334
107226	5.41096e+07	274877	5.29e+06	2.7369
106803	5.39087e+07	274501	5.29e+06	2.23949
107385	5.52262e+07	276015	5.29e+06	2.13747
106040	5.43738e+07	274677	5.29e+06	2.20966
106495	5.49756e+07	275493	5.29e+06	2.26304
106646	5.49935e+07	275568	5.29e+06	2.32563
107142	5.52121e+07	276015	5.29e+06	2.58752
106553	5.38498e+07	272940	5.29e+06	1.93997
107003	5.50893e+07	275971	5.29e+06	2.15987
106461	5.28051e+07	271174	5.29e+06	2.30336
107148	5.44108e+07	275417	5.29e+06	2.38822
107512	5.52337e+07	275612	5.29e+06	1.85062
106889	5.5287e+07	275964	5.29e+06	1.96762
107458	5.43671e+07	275207	5.29e+06	1.85715
108082	5.46638e+07	275543	5.29e+06	1.92806
106673	5.50604e+07	275741	5.29e+06	2.27738
107549	5.45512e+07	275443	5.29e+06	2.04019
107636	5.43084e+07	275511	5.29e+06	2.22106
107337	5.50884e+07	275971	5.29e+06	2.09165
107264	5.49326e+07	275284	5.29e+06	1.84128
107310	5.33764e+07	274006	5.29e+06	2.38285
106925	5.43062e+07	274399	5.29e+06	1.97299
106554	5.50986e+07	275777	5.29e+06	2.27123
107222	5.46481e+07	275124	5.29e+06	1.89312
106963	5.38893e+07	274099	5.29e+06	2.208
108301	5.5008e+07	275889	5.29e+06	1.91347
106760	5.48335e+07	275651	5.29e+06	2.25946
106801	5.45677e+07	274957	5.29e+06	1.92294
107441	5.52602e+07	276015	5.29e+06	1.8688
107003	5.476e+07	275727	5.29e+06	2.51315
107115	5.39831e+07	274714	5.29e+06	2.44979
107975	5.50655e+07	275953	5.29e+06	2.41126
105973	5.43928e+07	274845	5.29e+06	2.17562
107241	5.52971e+07	275964	5.29e+06	1.96058
107339	5.50687e+07	275989	5.29e+06	2.45082
107468	5.38623e+07	274240	5.29e+06	1.99424
106764	5.46431e+07	274518	5.29e+06	1.7591
106516	5.48884e+07	275577	5.29e+06	2.68749
106883	5.39041e+07	274235	5.29e+06	2.03238
107030	5.41276e+07	274566	5.29e+06	1.93741
107479	5.44092e+07	275611	5.29e+06	2.21069
107239	5.50822e+07	275971	5.29e+06	2.72307
106811	5.40732e+07	274356	5.29e+06	2.07578
107068	5.46703e+07	274712	5.29e+06	1.86074
106169	5.43033e+07	274248	5.29e+06	2.0151
107437	5.53731e+07	276115	5.29e+06	1.79341
106478	5.31306e+07	272418	5.29e+06	2.24384
106981	5.41178e+07	274620	5.29e+06	1.98182
108072	5.47948e+07	275482	5.29e+06	1.83642
107342	5.50354e+07	275626	5.29e+06	1.88826
106773	5.32749e+07	272500	5.29e+06	2.03776
108276	5.49887e+07	275871	5.29e+06	2.30118
106586	5.43018e+07	274482	5.29e+06	2.04634
106453	5.4069e+07	274813	5.29e+06	2.1047
106331	5.36094e+07	273474	5.29e+06	2.02637
106255	5.34881e+07	273188	5.29e+06	2.20531
108019	5.52505e+07	276015	5.29e+06	2.10509
106353	5.37244e+07	273501	5.29e+06	2.21798
107472	5.3823e+07	273970	5.29e+06	2.00883
107135	5.43808e+07	275021	5.29e+06	2.06669
106918	5.43151e+07	274921	5.29e+06	1.86342
107189	5.50012e+07	275889	5.29e+06	2.2464
106990	5.47458e+07	274720	5.29e+06	1.82848
107716	5.46179e+07	275737	5.29e+06	2.39808
107472	5.53403e+07	276115	5.29e+06	2.04698
106715	5.47958e+07	275569	5.29e+06	2.00294
107314	5.48213e+07	275569	5.29e+06	1.8985
107680	5.50252e+07	275820	5.29e+06	2.02291
107241	5.53453e+07	276115	5.29e+06	2.03456
107215	5.47068e+07	275594	5.29e+06	2.33101
106435	5.43896e+07	274030	5.29e+06	1.80685
107465	5.40682e+07	274813	5.29e+06	1.97658
107527	5.36023e+07	271924	5.29e+06	1.90093
106696	5.43228e+07	274929	5.29e+06	2.0567
107170	5.39682e+07	273820	5.29e+06	1.9657
106552	5.50458e+07	275626	5.29e+06	2.53043
107275	5.52305e+07	275997	5.29e+06	2.0032
106815	5.42897e+07	273795	5.29e+06	1.85357
107681	5.471e+07	274771	5.29e+06	1.83424
107122	5.34461e+07	273373	5.29e+06	2.10355
107179	5.51045e+07	275989	5.29e+06	2.40013
107023	5.41652e+07	274711	5.29e+06	2.03955
106559	5.49856e+07	275493	5.29e+06	2.10202
106966	5.46383e+07	275015	5.29e+06	1.94214
106546	5.37161e+07	273554	5.29e+06	1.96262
107565	5.50661e+07	275989	5.29e+06	2.95782
107060	5.42284e+07	274954	5.29e+06	2.37926
106643	5.46699e+07	275469	5.29e+06	2.44198
107128	5.53023e+07	276079	5.29e+06	2.45517
107270	5.44584e+07	275343	5.29e+06	1.99091
107265	5.42376e+07	275148	5.29e+06	2.17267
107755	5.44059e+07	273949	5.29e+06	1.79136
107335	5.47283e+07	275561	5.29e+06	2.2615
107060	5.42307e+07	274954	5.29e+06	2.10176
107096	5.36667e+07	274299	5.29e+06	2.08794
106409	5.44861e+07	274257	5.29e+06	1.98874
107040	5.48816e+07	275638	5.29e+06	2.09933
106960	5.477e+07	275357	5.29e+06	2.03622
106635	5.43741e+07	275233	5.29e+06	2.24806
106311	5.46117e+07	274986	5.29e+06	1.87469
106836	5.39086e+07	274360	5.29e+06	2.2025
107109	5.3595e+07	273860	5.29e+06	2.032
106923	5.47811e+07	275385	5.29e+06	1.92154
106795	5.48567e+07	275669	5.29e+06	2.32371
107007	5.45951e+07	275180	5.29e+06	1.97734
106558	5.50253e+07	275695	5.29e+06	2.34688
106863	5.43964e+07	274947	5.29e+06	2.03149
106264	5.40442e+07	273839	5.29e+06	1.97824
108391	5.53528e+07	276097	5.29e+06	1.99757
106721	5.45322e+07	275231	5.29e+06	2.00269
107019	5.48506e+07	275651	5.29e+06	2.20685
106744	5.4839e+07	275651	5.29e+06	2.28224
107655	5.45709e+07	275443	5.29e+06	2.00602
107490	5.42181e+07	274334	5.29e+06	1.8432
107063	5.39335e+07	274565	5.29e+06	2.08435
107134	5.36815e+07	273292	5.29e+06	1.8944
107486	5.52263e+07	275342	5.29e+06	1.85882
107740	5.42629e+07	275324	5.29e+06	2.1481
107113	5.52148e+07	276015	5.29e+06	2.46848
106857	5.48169e+07	275669	5.29e+06	2.55066
107092	5.33231e+07	272318	5.29e+06	1.95891
108216	5.53387e+07	276115	5.29e+06	2.02099
107245	5.51412e+07	275140	5.29e+06	1.84243
106309	5.48502e+07	275485	5.29e+06	2.12122
106655	5.39959e+07	274543	5.29e+06	2.81562
107382	5.47406e+07	275418	5.29e+06	1.95149
106791	5.43146e+07	275092	5.29e+06	2.23859
106676	5.38373e+07	273701	5.29e+06	1.93856
105920	5.42978e+07	274195	5.29e+06	2.03354
106595	5.5354e+07	276115	5.29e+06	2.43725
106455	5.47719e+07	275248	5.29e+06	1.84717
107027	5.4551e+07	274384	5.29e+06	1.84448
106571	5.34534e+07	272928	5.29e+06	1.95187
107259	5.48169e+07	274972	5.29e+06	1.80467
107512	5.40467e+07	274341	5.29e+06	1.81325
106649	5.4713e+07	275097	5.29e+06	1.92397
106603	5.39095e+07	274068	5.29e+06	2.81088
107651	5.51052e+07	275989	5.29e+06	2.10099
107275	5.5316e+07	276097	5.29e+06	2.57203
107253	5.53233e+07	276097	5.29e+06	2.42381
108075	5.49999e+07	275889	5.29e+06	2.36326
106917	5.41416e+07	274701	5.29e+06	2.10406
106996	5.4266e+07	274921	5.29e+06	2.15706
106170	5.40614e+07	274213	5.29e+06	2.13798
106569	5.42678e+07	274820	5.29e+06	2.1641
107047	5.41441e+07	274691	5.29e+06	1.90566
108047	5.46484e+07	275543	5.29e+06	2.04083
107360	5.40639e+07	274601	5.29e+06	1.96813
107381	5.41647e+07	275393	5.29e+06	2.3767
107085	5.41456e+07	274872	5.29e+06	2.24486
107895	5.48682e+07	275845	5.29e+06	2.07181
106743	5.43953e+07	274835	5.29e+06	1.9945
107845	5.43654e+07	275417	5.29e+06	2.08384
107235	5.40001e+07	274828	5.29e+06	2.02547
107622	5.52141e+07	276015	5.29e+06	2.55322
107948	5.52217e+07	276015	5.29e+06	2.14771
106618	5.39342e+07	274224	5.29e+06	2.3113
107805	5.47331e+07	275594	5.29e+06	1.95379
107243	5.42077e+07	275166	5.29e+06	2.36442
106680	5.45218e+07	275055	5.29e+06	2.09856
105935	5.34563e+07	272845	5.29e+06	2.01728
107061	5.36303e+07	273938	5.29e+06	2.18368
106691	5.51168e+07	275795	5.29e+06	2.55245
106400	5.46384e+07	275349	5.29e+06	2.2368
107150	5.4649e+07	275369	5.29e+06	2.04006
107346	5.46081e+07	275719	5.29e+06	2.20186
107086	5.45505e+07	275443	5.29e+06	2.23885
106990	5.39158e+07	274443	5.29e+06	2.17037
107239	5.50967e+07	275989	5.29e+06	2.48512
107161	5.47018e+07	274770	5.29e+06	1.83091
108378	5.50034e+07	275889	5.29e+06	2.16858
105998	5.47746e+07	275569	5.29e+06	2.43968
106943	5.33032e+07	272744	5.29e+06	2.05133
107160	5.50822e+07	275989	5.29e+06	3.22918
106536	5.40634e+07	274550	5.29e+06	2.3305
106600	5.32608e+07	273323	5.29e+06	2.06592
106258	5.4538e+07	275249	5.29e+06	2.20147
106984	5.47476e+07	275569	5.29e+06	2.16205
107950	5.48378e+07	275863	5.29e+06	2.18048
106726	5.52142e+07	275997	5.29e+06	2.20109
107246	5.46121e+07	275719	5.29e+06	2.32192
106499	5.39418e+07	274335	5.29e+06	1.99194
107547	5.48458e+07	275863	5.29e+06	2.08422
107056	5.49497e+07	275789	5.29e+06	1.99501
107080	5.49848e+07	275871	5.29e+06	2.35648
107386	5.52787e+07	276097	5.29e+06	2.24077
107045	5.47747e+07	275763	5.29e+06	2.19955
106455	5.32112e+07	271705	5.29e+06	2.03098
106197	5.39686e+07	273903	5.29e+06	2.40538
106471	5.43501e+07	274827	5.29e+06	1.91194
107687	5.48129e+07	275827	5.29e+06	1.97197
106951	5.42794e+07	275317	5.29e+06	2.07603
106538	5.37629e+07	273626	5.29e+06	2.16115
107696	5.40938e+07	275316	5.29e+06	2.44698
106421	5.33922e+07	271933	5.29e+06	2.02931
106706	5.51034e+07	275971	5.29e+06	2.05888
106458	5.34449e+07	272400	5.29e+06	2.17626
107255	5.49779e+07	275889	5.29e+06	2.4393
106726	5.49273e+07	275720	5.29e+06	1.9287
106970	5.34895e+07	274039	5.29e+06	2.20531
105929	5.41242e+07	273141	5.29e+06	2.07462
107784	5.475e+07	275745	5.29e+06	2.33088
107026	5.28555e+07	272685	5.29e+06	2.10714
106804	5.50761e+07	275795	5.29e+06	2.11341
300 generations
106752	5.44099e+07	274465	5.29e+06	1.90067
105981	5.43493e+07	273975	5.29e+06	2.37696
107076	5.38497e+07	272353	5.29e+06	1.84883
105965	5.39869e+07	274072	5.29e+06	2.4384
107731	5.50191e+07	275889	5.29e+06	2.13645
106981	5.3778e+07	273828	5.29e+06	2.10752
107344	5.31163e+07	272932	5.29e+06	2.29235
106192	5.5108e+07	275713	5.29e+06	2.91776
107106	5.53331e+07	276115	5.29e+06	2.37402
107592	5.50753e+07	275989	5.29e+06	2.24806
107301	5.50573e+07	275935	5.29e+06	2.64346
107142	5.43724e+07	275205	5.29e+06	2.1312
107025	5.28263e+07	271654	5.29e+06	1.89504
106667	5.47698e+07	275418	5.29e+06	1.93395
106769	5.43999e+07	274493	5.29e+06	1.92243
107585	5.46188e+07	275116	5.29e+06	1.84307
105936	5.45292e+07	274141	5.29e+06	2.16038
106267	5.35738e+07	273599	5.29e+06	2.24205
107335	5.46725e+07	275073	5.29e+06	1.85856
107005	5.43265e+07	274183	5.29e+06	1.93126
107011	5.36549e+07	273418	5.29e+06	1.94611
106921	5.42223e+07	274417	5.29e+06	1.94445
107381	5.4742e+07	275763	5.29e+06	3.17952
107746	5.50595e+07	275989	5.29e+06	2.61414
106569	5.32744e+07	272888	5.29e+06	2.34048
107026	5.44781e+07	274955	5.29e+06	1.86253
107126	5.46032e+07	275525	5.29e+06	2.24973
106997	5.3701e+07	274467	5.29e+06	2.12467
107362	5.50255e+07	275234	5.29e+06	1.79699
106989	5.47552e+07	275336	5.29e+06	2.08704
107289	5.39233e+07	274746	5.29e+06	1.94714
106912	5.43244e+07	274898	5.29e+06	2.12122
107210	5.39221e+07	273697	5.29e+06	1.86099
106851	5.44799e+07	275054	5.29e+06	1.92627
107239	5.34332e+07	273239	5.29e+06	2.04378
107315	5.36723e+07	273895	5.29e+06	2.05402
106703	5.53486e+07	276115	5.29e+06	2.176
107609	5.46196e+07	275137	5.29e+06	1.888
107418	5.4615e+07	275282	5.29e+06	1.98438
106929	5.49922e+07	275853	5.29e+06	2.1335
107785	5.45532e+07	275016	5.29e+06	1.90848
108192	5.4868e+07	275863	5.29e+06	2.17728
106351	5.45535e+07	274996	5.29e+06	2.25882
106567	5.37881e+07	274342	5.29e+06	2.03994
107158	5.4911e+07	275720	5.29e+06	2.08646
107069	5.34282e+07	272633	5.29e+06	2.12723
107089	5.52493e+07	276015	5.29e+06	2.25677
106064	5.40075e+07	274080	5.29e+06	2.12365
106726	5.43192e+07	275072	5.29e+06	2.17229
106823	5.46855e+07	275663	5.29e+06	2.3872
107323	5.48794e+07	275669	5.29e+06	1.97171
106878	5.50845e+07	275989	5.29e+06	2.50778
107234	5.44568e+07	275289	5.29e+06	2.03315
106775	5.51308e+07	275795	5.29e+06	2.14336
106297	5.40314e+07	273787	5.29e+06	2.08922
107193	5.52631e+07	276015	5.29e+06	2.10125
106952	5.32781e+07	273528	5.29e+06	2.30707
106839	5.37692e+07	273954	5.29e+06	2.13235
106379	5.45218e+07	273898	5.29e+06	1.9456
107107	5.36844e+07	273748	5.29e+06	1.97158
107089	5.48163e+07	275712	5.29e+06	2.09574
107673	5.5274e+07	276015	5.29e+06	2.04224
108105	5.52188e+07	275997	5.29e+06	2.07155
106209	5.40061e+07	273166	5.29e+06	1.82374
106599	5.45663e+07	275249	5.29e+06	2.54733
107031	5.45572e+07	275259	5.29e+06	2.00909
107118	5.51295e+07	275989	5.29e+06	2.04326
106581	5.3992e+07	273763	5.29e+06	1.98374
106557	5.40112e+07	274644	5.29e+06	1.98067
106522	5.48789e+07	275439	5.29e+06	2.23283
106907	5.34022e+07	273349	5.29e+06	2.272
107222	5.51624e+07	274957	5.29e+06	1.79712
107764	5.53171e+07	276115	5.29e+06	2.20762
106216	5.41498e+07	274217	5.29e+06	2.10355
106813	5.50831e+07	275777	5.29e+06	2.09562
107220	5.41594e+07	274719	5.29e+06	2.06835
107231	5.52782e+07	276015	5.29e+06	1.99974
106536	5.47405e+07	275418	5.29e+06	2.10752
107831	5.52168e+07	275864	5.29e+06	1.91117
106939	5.43862e+07	274998	5.29e+06	2.03981
106740	5.43956e+07	274266	5.29e+06	1.95725
106919	5.3701e+07	274357	5.29e+06	2.16013
107288	5.35845e+07	273777	5.29e+06	2.00723
107407	5.41729e+07	273898	5.29e+06	1.80365
107027	5.38918e+07	274458	5.29e+06	2.1152
107734	5.49476e+07	275853	5.29e+06	2.18995
107183	5.47342e+07	275551	5.29e+06	2.09946
106757	5.39523e+07	274583	5.29e+06	2.37197
106709	5.51318e+07	275759	5.29e+06	1.93446
107838	5.42433e+07	274814	5.29e+06	1.92205
106811	5.40039e+07	274468	5.29e+06	2.02765
107461	5.49515e+07	275738	5.29e+06	2.00243
106004	5.43373e+07	274778	5.29e+06	2.32371
106400	5.41513e+07	273886	5.29e+06	2.05978
107294	5.40565e+07	274298	5.29e+06	1.88864
107618	5.43456e+07	275611	5.29e+06	3.06048
106783	5.50243e+07	275889	5.29e+06	2.14464
106404	5.47907e+07	275324	5.29e+06	2.63334
106864	5.41757e+07	275148	5.29e+06	3.05088
108310	5.49725e+07	275889	5.29e+06	2.32128
107020	5.34722e+07	273210	5.29e+06	2.07808
107262	5.4945e+07	275738	5.29e+06	2.1152
106614	5.37945e+07	273804	5.29e+06	2.03712
106897	5.36367e+07	273545	5.29e+06	1.99462
107560	5.45241e+07	275425	5.29e+06	2.05555
106590	5.35774e+07	274155	5.29e+06	2.75277
107557	5.43783e+07	275417	5.29e+06	2.24269
107620	5.40861e+07	274795	5.29e+06	2.07514
106941	5.35697e+07	272796	5.29e+06	1.9584
107851	5.49608e+07	275871	5.29e+06	2.65357
106464	5.34332e+07	273316	5.29e+06	2.34509
106780	5.47354e+07	275349	5.29e+06	2.11712
106727	5.50569e+07	275759	5.29e+06	2.1993
106569	5.47582e+07	275418	5.29e+06	2.02906
107353	5.48269e+07	275054	5.29e+06	1.81274
107703	5.44618e+07	275486	5.29e+06	2.19072
106791	5.42543e+07	274281	5.29e+06	1.96954
106996	5.52397e+07	276015	5.29e+06	2.2569
107292	5.43679e+07	275417	5.29e+06	3.03654
107076	5.5116e+07	275795	5.29e+06	2.07782
106263	5.40271e+07	273744	5.29e+06	2.02022
106778	5.46786e+07	275400	5.29e+06	2.62118
107151	5.45599e+07	275619	5.29e+06	2.13222
106726	5.46639e+07	275360	5.29e+06	2.48282
107369	5.42529e+07	275079	5.29e+06	2.12698
107044	5.47342e+07	275382	5.29e+06	2.12902
106673	5.47288e+07	275309	5.29e+06	2.39962
106671	5.48273e+07	275669	5.29e+06	2.37888
105979	5.35752e+07	273192	5.29e+06	2.41408
106402	5.34614e+07	273030	5.29e+06	2.15373
107112	5.50593e+07	275626	5.29e+06	2.01869
108008	5.50416e+07	275802	5.29e+06	1.99667
108270	5.44885e+07	275619	5.29e+06	2.08666
107093	5.43163e+07	275105	5.29e+06	2.02112
106246	5.44387e+07	274901	5.29e+06	1.96352
107675	5.43498e+07	274636	5.29e+06	1.77856
106226	5.43225e+07	274316	5.29e+06	2.54067
106455	5.34755e+07	273267	5.29e+06	2.00371
106749	5.36605e+07	274053	5.29e+06	2.35878
107131	5.47216e+07	275612	5.29e+06	2.31373
106788	5.3599e+07	273273	5.29e+06	2.17114
107339	5.48447e+07	275863	5.29e+06	2.5513
107501	5.42822e+07	275105	5.29e+06	2.2121
106416	5.42586e+07	274820	5.29e+06	2.23002
107842	5.53572e+07	276115	5.29e+06	1.99526
106876	5.46321e+07	275645	5.29e+06	2.43878
107885	5.42705e+07	275115	5.29e+06	2.03546
107343	5.45522e+07	275104	5.29e+06	1.92474
106469	5.51055e+07	275795	5.29e+06	2.25446
106511	5.48275e+07	275475	5.29e+06	2.41664
106780	5.33784e+07	273010	5.29e+06	2.12902
107793	5.43459e+07	274888	5.29e+06	2.00013
106351	5.42741e+07	274727	5.29e+06	2.02394
106941	5.43908e+07	274845	5.29e+06	1.95469
107390	5.53062e+07	276079	5.29e+06	2.3513
107093	5.39417e+07	274971	5.29e+06	2.17869
107265	5.43498e+07	275399	5.29e+06	2.41318
106349	5.50331e+07	275838	5.29e+06	2.37645
107711	5.52989e+07	275997	5.29e+06	1.8025
107598	5.43628e+07	275399	5.29e+06	2.24538
107498	5.53355e+07	276079	5.29e+06	1.91962
107213	5.52394e+07	275997	5.29e+06	2.0416
107162	5.37791e+07	273770	5.29e+06	2.09446
107384	5.46147e+07	275494	5.29e+06	2.04237
107637	5.45601e+07	275065	5.29e+06	1.73094
107231	5.33841e+07	273155	5.29e+06	2.1911
107416	5.53273e+07	276115	5.29e+06	2.5344
106865	5.39176e+07	274562	5.29e+06	2.34982
107061	5.50193e+07	275695	5.29e+06	2.05478
108153	5.4158e+07	275291	5.29e+06	2.09702
107102	5.46912e+07	275594	5.29e+06	2.1673
107227	5.45572e+07	275195	5.29e+06	1.91693
106090	5.46833e+07	274867	5.29e+06	1.99654
107490	5.51009e+07	275989	5.29e+06	2.03648
107039	5.38832e+07	274046	5.29e+06	2.00128
107227	5.47624e+07	275418	5.29e+06	1.8729
106814	5.40933e+07	274752	5.29e+06	2.09459
107488	5.47877e+07	275763	5.29e+06	2.11251
106891	5.41332e+07	275291	5.29e+06	2.24614
107448	5.47985e+07	275712	5.29e+06	1.86086
106410	5.39759e+07	271926	5.29e+06	1.88992
106621	5.38461e+07	273628	5.29e+06	1.98989
107888	5.30146e+07	272946	5.29e+06	2.65101
107112	5.50128e+07	275677	5.29e+06	2.06234
107100	5.49708e+07	275889	5.29e+06	2.32307
107152	5.30948e+07	272316	5.29e+06	3.00518
106819	5.43754e+07	274684	5.29e+06	1.77216
107556	5.50845e+07	275989	5.29e+06	2.00589
106284	5.34476e+07	272627	5.29e+06	2.20467
106535	5.40139e+07	274274	5.29e+06	2.36339
106913	5.42577e+07	274217	5.29e+06	1.96723
107747	5.484e+07	275863	5.29e+06	2.21926
106759	5.51779e+07	275846	5.29e+06	2.21978
107217	5.42559e+07	274457	5.29e+06	1.9712
106625	5.50685e+07	275644	5.29e+06	2.22426
107138	5.33903e+07	273165	5.29e+06	2.27802
106767	5.46593e+07	274922	5.29e+06	1.98758
107425	5.44024e+07	275381	5.29e+06	1.93651
106789	5.4691e+07	275451	5.29e+06	2.1472
106796	5.43796e+07	274249	5.29e+06	1.92896
107184	5.50109e+07	275889	5.29e+06	2.3209
106758	5.45473e+07	275374	5.29e+06	2.1591
106934	5.46723e+07	274813	5.29e+06	1.92026
106413	5.47924e+07	275306	5.29e+06	2.40294
106889	5.45539e+07	275140	5.29e+06	2.03482
106718	5.36676e+07	274426	5.29e+06	2.23283
106484	5.49121e+07	275486	5.29e+06	2.28646
108316	5.50991e+07	275953	5.29e+06	1.98656
107385	5.50525e+07	275953	5.29e+06	2.30515
107238	5.46337e+07	275543	5.29e+06	1.96339
107240	5.35046e+07	273374	5.29e+06	1.95763
107100	5.45062e+07	275231	5.29e+06	2.16397
107610	5.47482e+07	275543	5.29e+06	1.88979
107359	5.52429e+07	275997	5.29e+06	1.96941
107109	5.49692e+07	275720	5.29e+06	2.07091
107052	5.49198e+07	274756	5.29e+06	1.82003
106989	5.47766e+07	275763	5.29e+06	2.48627
106324	5.42508e+07	273773	5.29e+06	2.04378
106749	5.39343e+07	273972	5.29e+06	1.99142
106063	5.31418e+07	272545	5.29e+06	1.98157
106936	5.35761e+07	273047	5.29e+06	1.9543
107175	5.38587e+07	273392	5.29e+06	1.90029
106246	5.47543e+07	275482	5.29e+06	2.79552
106582	5.43692e+07	275205	5.29e+06	2.42227
107259	5.43121e+07	274386	5.29e+06	1.92128
106718	5.48541e+07	275651	5.29e+06	2.16474
106971	5.40044e+07	274116	5.29e+06	2.01395
106599	5.39366e+07	274562	5.29e+06	2.20518
107266	5.48755e+07	275845	5.29e+06	2.10816
106977	5.46164e+07	274386	5.29e+06	1.75206
106652	5.48678e+07	275845	5.29e+06	2.20083
106910	5.37704e+07	273694	5.29e+06	2.04147
106611	5.43968e+07	274015	5.29e+06	1.79482
106463	5.52789e+07	275493	5.29e+06	2.11725
107388	5.50412e+07	275802	5.29e+06	2.10419
107002	5.44932e+07	275274	5.29e+06	2.18918
107629	5.52925e+07	276097	5.29e+06	2.23514
107815	5.53156e+07	276115	5.29e+06	2.17933
107175	5.43258e+07	274842	5.29e+06	1.90336
106612	5.53124e+07	276097	5.29e+06	2.58074
106695	5.48275e+07	275845	5.29e+06	2.2487
107362	5.43089e+07	275072	5.29e+06	2.1609
106602	5.48673e+07	275467	5.29e+06	2.31629
107020	5.52877e+07	276015	5.29e+06	2.00486
107564	5.3603e+07	274367	5.29e+06	2.15334
107422	5.43715e+07	274251	5.29e+06	1.81197
107732	5.47581e+07	275551	5.29e+06	1.96992
106429	5.36349e+07	273604	5.29e+06	2.34534
107818	5.4503e+07	275619	5.29e+06	2.22797
106510	5.50232e+07	275626	5.29e+06	2.40461
106189	5.48851e+07	274904	5.29e+06	2.15053
106979	5.35453e+07	273763	5.29e+06	2.06694
106982	5.52641e+07	276015	5.29e+06	2.19546
107501	5.46128e+07	275701	5.29e+06	2.11162
107411	5.44842e+07	275090	5.29e+06	1.98758
106417	5.43804e+07	274133	5.29e+06	1.84909
107327	5.47661e+07	274781	5.29e+06	1.8455
107082	5.36638e+07	274273	5.29e+06	2.29606
106976	5.36628e+07	273721	5.29e+06	2.10022
107829	5.49686e+07	275871	5.29e+06	2.28557
106160	5.46193e+07	275165	5.29e+06	2.79501
108254	5.49523e+07	275889	5.29e+06	2.4503
106400	5.40472e+07	274033	5.29e+06	2.0055
107118	5.4274e+07	274141	5.29e+06	1.94074
107689	5.38353e+07	274618	5.29e+06	2.33933
106614	5.48566e+07	275444	5.29e+06	2.24346
107167	5.49745e+07	275738	5.29e+06	1.95802
106402	5.45533e+07	274939	5.29e+06	2.24845
107678	5.4618e+07	275719	5.29e+06	2.3895
107000	5.51284e+07	275989	5.29e+06	2.26342
107308	5.43181e+07	275511	5.29e+06	2.25011
107658	5.43908e+07	275233	5.29e+06	2.02918
107068	5.45157e+07	275443	5.29e+06	2.07526
106895	5.44952e+07	275443	5.29e+06	2.31142
106858	5.3401e+07	273118	5.29e+06	2.25715
107002	5.51196e+07	275611	5.29e+06	2.05798
106808	5.32219e+07	272737	5.29e+06	2.24166
106420	5.40694e+07	274104	5.29e+06	2.18701
106497	5.44676e+07	274344	5.29e+06	1.80723
107494	5.45517e+07	275140	5.29e+06	1.91014
106610	5.36566e+07	272864	5.29e+06	1.99296
107119	5.46141e+07	275543	5.29e+06	2.45338
106695	5.4401e+07	274317	5.29e+06	1.91411
107497	5.50451e+07	275838	5.29e+06	2.07142
106832	5.49779e+07	275871	5.29e+06	2.18573
106954	5.44011e+07	275223	5.29e+06	2.14285
107494	5.49331e+07	275753	5.29e+06	2.0256
106873	5.35946e+07	273308	5.29e+06	2.01818
107541	5.53289e+07	276115	5.29e+06	2.19661
107589	5.43958e+07	275417	5.29e+06	2.19648
106694	5.46065e+07	275349	5.29e+06	2.1975
107627	5.38925e+07	273870	5.29e+06	1.92704
107576	5.46621e+07	275645	5.29e+06	2.0352
107829	5.49946e+07	275889	5.29e+06	2.24922
107202	5.4463e+07	275131	5.29e+06	2.01242
107223	5.48127e+07	275569	5.29e+06	1.9369
107800	5.47174e+07	275188	5.29e+06	1.88198
107167	5.46494e+07	275719	5.29e+06	2.18163
106779	5.47386e+07	275745	5.29e+06	2.11866
107000	5.53233e+07	276097	5.29e+06	1.93766
106633	5.4081e+07	274073	5.29e+06	1.84333
106666	5.43661e+07	275008	5.29e+06	2.62874
106982	5.42483e+07	274778	5.29e+06	2.05286
107543	5.53352e+07	276115	5.29e+06	2.1545
106114	5.42884e+07	273034	5.29e+06	1.91744
106676	5.39217e+07	273291	5.29e+06	1.92282
108012	5.47846e+07	275763	5.29e+06	1.98157
107695	5.34957e+07	273596	5.29e+06	2.33971
106121	5.44556e+07	273932	5.29e+06	2.11494
107224	5.50819e+07	275971	5.29e+06	1.99654
108030	5.4532e+07	275619	5.29e+06	1.93344
106435	5.46981e+07	275257	5.29e+06	2.18189
106624	5.4039e+07	274997	5.29e+06	2.12365
106984	5.4461e+07	275325	5.29e+06	2.25856
107085	5.43121e+07	275072	5.29e+06	2.07155
107542	5.37055e+07	273864	5.29e+06	1.98682
107675	5.451e+07	275443	5.29e+06	1.99616
106956	5.3506e+07	273551	5.29e+06	2.45734
107111	5.52832e+07	276097	5.29e+06	2.36198
106557	5.52996e+07	275946	5.29e+06	2.0704
106576	5.38473e+07	274577	5.29e+06	2.36621
107197	5.47324e+07	275745	5.29e+06	2.21773
106418	5.43806e+07	275205	5.29e+06	2.08141
106453	5.42513e+07	274618	5.29e+06	2.37965
107525	5.4539e+07	275637	5.29e+06	2.12173
107348	5.52089e+07	276015	5.29e+06	2.11174
106827	5.5106e+07	275971	5.29e+06	2.07795
107250	5.44188e+07	275325	5.29e+06	2.39821
106911	5.53364e+07	276115	5.29e+06	2.01178
106370	5.45908e+07	275165	5.29e+06	2.40384
108059	5.43057e+07	275511	5.29e+06	2.08333
107731	5.5313e+07	276115	5.29e+06	2.2528
106814	5.52566e+07	275946	5.29e+06	2.0727
106818	5.35294e+07	273367	5.29e+06	2.26458
106700	5.47752e+07	275551	5.29e+06	1.84576
108094	5.50454e+07	275953	5.29e+06	2.23949
106818	5.3542e+07	274022	5.29e+06	2.23526
107364	5.39174e+07	274603	5.29e+06	2.13696
106324	5.4299e+07	274435	5.29e+06	2.2903
106471	5.3675e+07	273867	5.29e+06	2.23693
105822	5.39945e+07	273378	5.29e+06	2.16614
107068	5.39564e+07	274667	5.29e+06	2.1591
107055	5.50774e+07	275989	5.29e+06	2.23155
106911	5.48736e+07	275863	5.29e+06	2.48909
106159	5.36804e+07	273701	5.29e+06	2.18458
106268	5.42499e+07	274424	5.29e+06	2.21069
106433	5.41062e+07	274507	5.29e+06	2.0791
107570	5.42252e+07	275360	5.29e+06	2.07078
400 generations
107561	5.50244e+07	275550	5.29e+06	1.87802
106952	5.47034e+07	275206	5.29e+06	1.89158
106771	5.37084e+07	273542	5.29e+06	2.16992
107627	5.49992e+07	275889	5.29e+06	2.34496
107785	5.47974e+07	275763	5.29e+06	1.80749
107719	5.48023e+07	275569	5.29e+06	1.93062
107609	5.47736e+07	275763	5.29e+06	2.27494
107489	5.46136e+07	275543	5.29e+06	2.41088
107029	5.505e+07	275838	5.29e+06	2.22835
106629	5.40771e+07	273519	5.29e+06	1.91552
106367	5.38105e+07	273248	5.29e+06	1.92102
107724	5.52655e+07	276015	5.29e+06	2.13235
107549	5.3795e+07	273802	5.29e+06	1.91859
106713	5.40331e+07	273871	5.29e+06	2.12634
106765	5.40115e+07	273688	5.29e+06	1.79955
106784	5.39958e+07	274047	5.29e+06	1.9712
106772	5.52835e+07	275946	5.29e+06	2.14054
106532	5.41617e+07	274525	5.29e+06	2.05632
106890	5.38686e+07	274190	5.29e+06	1.95891
108024	5.37784e+07	272628	5.29e+06	1.8377
108132	5.50113e+07	275889	5.29e+06	2.12288
107488	5.50469e+07	275953	5.29e+06	2.45568
106635	5.36325e+07	272693	5.29e+06	1.92154
107215	5.48578e+07	275845	5.29e+06	2.13594
107551	5.3281e+07	272938	5.29e+06	2.36621
107614	5.47694e+07	275763	5.29e+06	2.03072
106544	5.52214e+07	275864	5.29e+06	1.97274
106974	5.40365e+07	275064	5.29e+06	2.39693
106082	5.45243e+07	275004	5.29e+06	2.91866
106788	5.44515e+07	275149	5.29e+06	2.22912
106930	5.37091e+07	274089	5.29e+06	2.01562
106801	5.51772e+07	275543	5.29e+06	1.94342
106910	5.43788e+07	275223	5.29e+06	2.22605
106324	5.45358e+07	274734	5.29e+06	2.07808
107498	5.48398e+07	275615	5.29e+06	1.98579
106836	5.4513e+07	275231	5.29e+06	2.32896
107098	5.43046e+07	274183	5.29e+06	1.89146
106461	5.43834e+07	275029	5.29e+06	2.28378
107547	5.44698e+07	275292	5.29e+06	2.10189
106915	5.39434e+07	273234	5.29e+06	1.89696
107188	5.39136e+07	273234	5.29e+06	1.81773
106458	5.47523e+07	275375	5.29e+06	2.62541
107173	5.42305e+07	274413	5.29e+06	1.82272
106562	5.45684e+07	274568	5.29e+06	1.80275
106654	5.38504e+07	274537	5.29e+06	2.19482
107137	5.50844e+07	275971	5.29e+06	2.65421
107838	5.5085e+07	275989	5.29e+06	2.20045
106659	5.4177e+07	274821	5.29e+06	2.43008
106785	5.51831e+07	275915	5.29e+06	2.23142
107176	5.46279e+07	274720	5.29e+06	1.83987
106901	5.50572e+07	275953	5.29e+06	2.56448
106767	5.48817e+07	275863	5.29e+06	2.2793
107520	5.5357e+07	276115	5.29e+06	1.98502
106714	5.43905e+07	275039	5.29e+06	2.26982
106371	5.43736e+07	274845	5.29e+06	2.45184
106218	5.43827e+07	274562	5.29e+06	2.37683
107346	5.49798e+07	275889	5.29e+06	2.53376
106174	5.41271e+07	274115	5.29e+06	2.25587
106459	5.40437e+07	274122	5.29e+06	2.14925
107945	5.46675e+07	275543	5.29e+06	2.00064
106660	5.46084e+07	275165	5.29e+06	2.53926
106771	5.46797e+07	275400	5.29e+06	2.39514
107316	5.47865e+07	275551	5.29e+06	1.9529
106103	5.41729e+07	274507	5.29e+06	2.1289
107334	5.49311e+07	275595	5.29e+06	2.04582
107384	5.4376e+07	275205	5.29e+06	2.10022
107495	5.43185e+07	274059	5.29e+06	1.75501
107320	5.45444e+07	275443	5.29e+06	2.15808
106820	5.45523e+07	275004	5.29e+06	2.03994
106152	5.41464e+07	273544	5.29e+06	2.21581
106604	5.43126e+07	274456	5.29e+06	1.94957
107532	5.51133e+07	275971	5.29e+06	1.96032
106167	5.39276e+07	273796	5.29e+06	2.2295
107150	5.38989e+07	274064	5.29e+06	1.85536
106801	5.5052e+07	275797	5.29e+06	2.2743
107532	5.45057e+07	275435	5.29e+06	2.51264
106840	5.36041e+07	273560	5.29e+06	2.45453
107319	5.52751e+07	276079	5.29e+06	3.0953
106527	5.44118e+07	274998	5.29e+06	2.08986
106849	5.34595e+07	274104	5.29e+06	2.02854
106620	5.37605e+07	273626	5.29e+06	2.21965
106816	5.37941e+07	274410	5.29e+06	1.96915
106934	5.47388e+07	275224	5.29e+06	1.98054
107292	5.50212e+07	275889	5.29e+06	2.70195
107448	5.50845e+07	275971	5.29e+06	2.4352
107713	5.52604e+07	276015	5.29e+06	2.1481
107393	5.45156e+07	275427	5.29e+06	1.92243
107478	5.50994e+07	275989	5.29e+06	2.20403
107264	5.50268e+07	275889	5.29e+06	2.45965
107038	5.51044e+07	275989	5.29e+06	2.5737
106774	5.32979e+07	273409	5.29e+06	2.27264
107162	5.47132e+07	275612	5.29e+06	2.1833
106822	5.46182e+07	274997	5.29e+06	1.94637
107448	5.43935e+07	274845	5.29e+06	1.80595
107576	5.43919e+07	275335	5.29e+06	2.32589
108037	5.447e+07	275537	5.29e+06	2.63936
107334	5.53489e+07	276097	5.29e+06	1.9657
107094	5.50101e+07	275664	5.29e+06	2.03392
106509	5.51485e+07	275795	5.29e+06	2.13786
106029	5.38947e+07	271712	5.29e+06	2.19507
108362	5.50333e+07	275989	5.29e+06	2.4681
107325	5.50237e+07	275695	5.29e+06	2.03098
106495	5.43188e+07	274759	5.29e+06	2.00998
106448	5.45927e+07	274176	5.29e+06	1.83398
108093	5.45314e+07	275443	5.29e+06	2.1449
107107	5.47445e+07	275612	5.29e+06	2.15795
107389	5.39228e+07	274603	5.29e+06	2.03558
107495	5.38238e+07	274871	5.29e+06	2.07002
107777	5.53551e+07	276115	5.29e+06	1.97158
107600	5.43908e+07	275417	5.29e+06	2.1655
107028	5.51011e+07	275777	5.29e+06	2.01216
108057	5.52684e+07	275997	5.29e+06	1.85882
107429	5.48474e+07	275669	5.29e+06	2.12339
107459	5.44729e+07	275149	5.29e+06	1.88838
107047	5.43773e+07	275223	5.29e+06	2.28544
107498	5.52744e+07	275997	5.29e+06	2.09485
107831	5.50068e+07	275889	5.29e+06	2.26701
106938	5.4086e+07	275140	5.29e+06	1.98784
106684	5.35777e+07	272509	5.29e+06	2.4823
107549	5.47725e+07	275763	5.29e+06	2.29363
106853	5.50148e+07	275677	5.29e+06	1.93421
107144	5.4834e+07	275694	5.29e+06	2.16422
107193	5.47281e+07	275234	5.29e+06	1.81325
107022	5.35541e+07	272169	5.29e+06	1.96902
107110	5.50447e+07	275695	5.29e+06	2.07424
106617	5.43915e+07	274827	5.29e+06	1.98835
106344	5.37366e+07	274248	5.29e+06	2.28544
107260	5.48429e+07	275651	5.29e+06	2.06362
106178	5.48842e+07	275475	5.29e+06	2.19379
107164	5.46355e+07	275349	5.29e+06	1.90106
106970	5.33588e+07	272688	5.29e+06	2.03814
106657	5.43527e+07	273512	5.29e+06	1.91411
106382	5.43929e+07	274149	5.29e+06	1.95328
106803	5.45601e+07	275249	5.29e+06	1.98426
106937	5.3092e+07	272295	5.29e+06	2.07514
107815	5.52407e+07	276015	5.29e+06	2.07552
108350	5.47312e+07	275612	5.29e+06	2.05658
106572	5.44007e+07	274633	5.29e+06	1.98118
106439	5.37418e+07	273172	5.29e+06	2.0128
107264	5.48184e+07	275712	5.29e+06	2.15578
106726	5.3769e+07	273762	5.29e+06	2.00646
106680	5.42925e+07	273839	5.29e+06	1.89005
107317	5.52618e+07	275712	5.29e+06	1.83194
106294	5.36064e+07	272670	5.29e+06	1.91283
106367	5.42245e+07	273745	5.29e+06	2.05094
107817	5.44511e+07	274947	5.29e+06	1.85728
106232	5.45216e+07	274392	5.29e+06	2.01779
106550	5.34126e+07	273536	5.29e+06	2.69901
107556	5.46583e+07	275737	5.29e+06	2.13094
107593	5.46143e+07	275543	5.29e+06	2.04314
107627	5.33676e+07	273726	5.29e+06	1.83949
107806	5.50873e+07	275777	5.29e+06	1.89837
107967	5.37867e+07	273853	5.29e+06	1.99014
106576	5.3775e+07	273576	5.29e+06	2.1463
106399	5.49752e+07	275493	5.29e+06	2.47706
106342	5.4747e+07	274587	5.29e+06	1.86099
106760	5.36065e+07	274199	5.29e+06	2.32141
106270	5.44956e+07	274946	5.29e+06	2.82662
106918	5.47891e+07	275072	5.29e+06	1.90758
107042	5.30769e+07	270732	5.29e+06	2.08934
106585	5.35792e+07	272115	5.29e+06	2.05338
107192	5.48291e+07	275518	5.29e+06	1.89389
106452	5.41435e+07	274041	5.29e+06	2.11917
107386	5.47859e+07	275712	5.29e+06	2.13645
107450	5.50323e+07	275889	5.29e+06	2.12813
107008	5.49405e+07	275292	5.29e+06	1.8889
107481	5.52309e+07	276015	5.29e+06	2.21837
107122	5.43287e+07	275266	5.29e+06	2.40141
107758	5.4825e+07	275863	5.29e+06	2.81229
107891	5.50796e+07	275989	5.29e+06	2.4169
107517	5.45014e+07	275619	5.29e+06	2.62067
106477	5.4617e+07	275155	5.29e+06	2.16947
107087	5.4118e+07	274172	5.29e+06	1.82733
107594	5.50107e+07	275871	5.29e+06	2.03661
106638	5.46526e+07	275451	5.29e+06	2.61197
107150	5.38568e+07	273191	5.29e+06	1.86342
107735	5.47687e+07	275569	5.29e+06	1.99616
106198	5.38614e+07	274248	5.29e+06	2.25062
107086	5.39025e+07	272983	5.29e+06	1.89286
106847	5.375e+07	273677	5.29e+06	2.15603
106365	5.45402e+07	274871	5.29e+06	2.51546
106732	5.45439e+07	275249	5.29e+06	2.18266
107255	5.45835e+07	275133	5.29e+06	1.88966
107313	5.46969e+07	275594	5.29e+06	2.06746
106889	5.3892e+07	274741	5.29e+06	2.10586
106397	5.44536e+07	274461	5.29e+06	2.11456
106645	5.41224e+07	274493	5.29e+06	1.98771
106905	5.43089e+07	274802	5.29e+06	2.03034
107594	5.48302e+07	275863	5.29e+06	2.35661
107025	5.38905e+07	274557	5.29e+06	2.47194
107818	5.39787e+07	274392	5.29e+06	1.93792
107249	5.34508e+07	273549	5.29e+06	2.05978
106587	5.43899e+07	274527	5.29e+06	1.98912
106699	5.35453e+07	273109	5.29e+06	2.47219
106735	5.40302e+07	274142	5.29e+06	2.04979
107347	5.4587e+07	275525	5.29e+06	2.06566
106856	5.42684e+07	274727	5.29e+06	1.96621
106386	5.3873e+07	273760	5.29e+06	2.0617
107166	5.36036e+07	273386	5.29e+06	1.89901
106524	5.42304e+07	274905	5.29e+06	2.21248
105990	5.38823e+07	273845	5.29e+06	2.27565
106602	5.38447e+07	273440	5.29e+06	1.95789
107437	5.38543e+07	273631	5.29e+06	1.93126
106911	5.45567e+07	275140	5.29e+06	2.04288
105975	5.45008e+07	273579	5.29e+06	2.01254
107015	5.3996e+07	274400	5.29e+06	1.92704
106190	5.38335e+07	273914	5.29e+06	2.40986
106265	5.45727e+07	274410	5.29e+06	2.00934
107292	5.53171e+07	275946	5.29e+06	1.82451
107469	5.32661e+07	272335	5.29e+06	1.98464
106881	5.46404e+07	275341	5.29e+06	1.99885
107204	5.47703e+07	275385	5.29e+06	2.04774
106827	5.47383e+07	275375	5.29e+06	2.31168
106854	5.36564e+07	273493	5.29e+06	1.91334
105975	5.34353e+07	273935	5.29e+06	2.52339
106563	5.45474e+07	275014	5.29e+06	2.13325
107440	5.45565e+07	275525	5.29e+06	3.13779
107922	5.48158e+07	275845	5.29e+06	2.30733
106829	5.51144e+07	275971	5.29e+06	1.88902
106875	5.44031e+07	275029	5.29e+06	2.05248
106730	5.49325e+07	275738	5.29e+06	2.08602
106841	5.51059e+07	275989	5.29e+06	2.20429
107250	5.45469e+07	275443	5.29e+06	2.18509
107807	5.50175e+07	275889	5.29e+06	2.28902
107534	5.50964e+07	275971	5.29e+06	2.08717
107033	5.46922e+07	275091	5.29e+06	1.96698
107084	5.3798e+07	274896	5.29e+06	2.38272
107071	5.47784e+07	275375	5.29e+06	2.10368
107193	5.47757e+07	275357	5.29e+06	1.95712
106481	5.39988e+07	274500	5.29e+06	2.48115
107554	5.3751e+07	274209	5.29e+06	2.02342
107818	5.52735e+07	276015	5.29e+06	2.0311
106716	5.46116e+07	275155	5.29e+06	2.16179
107663	5.48253e+07	275676	5.29e+06	2.02125
106494	5.47892e+07	275518	5.29e+06	1.9936
107815	5.47837e+07	275533	5.29e+06	1.92832
108079	5.49837e+07	275889	5.29e+06	2.21248
107271	5.36407e+07	274316	5.29e+06	2.31846
107360	5.46785e+07	275451	5.29e+06	1.83795
107146	5.52515e+07	276015	5.29e+06	2.18957
107302	5.33414e+07	273495	5.29e+06	2.17536
107041	5.50548e+07	275644	5.29e+06	1.82669
106816	5.46265e+07	275331	5.29e+06	2.01152
106520	5.41805e+07	273871	5.29e+06	1.97594
107553	5.41085e+07	275255	5.29e+06	2.48282
107223	5.4848e+07	275669	5.29e+06	2.04979
106461	5.39615e+07	273903	5.29e+06	2.15142
106597	5.46198e+07	275349	5.29e+06	2.01293
106885	5.51139e+07	275746	5.29e+06	2.08461
107490	5.47636e+07	275460	5.29e+06	1.9895
106756	5.39716e+07	275022	5.29e+06	2.09574
106425	5.41541e+07	274425	5.29e+06	2.22643
106629	5.50832e+07	275795	5.29e+06	2.21197
106169	5.38422e+07	273065	5.29e+06	2.06291
106412	5.36044e+07	273454	5.29e+06	2.09984
107006	5.46499e+07	275451	5.29e+06	2.67366
107259	5.40919e+07	274752	5.29e+06	1.86509
106763	5.47779e+07	275727	5.29e+06	2.20378
106701	5.35619e+07	273266	5.29e+06	2.00998
106272	5.39382e+07	273251	5.29e+06	2.1911
107309	5.48007e+07	275569	5.29e+06	1.99117
107173	5.47901e+07	275385	5.29e+06	1.89069
106997	5.51007e+07	275795	5.29e+06	2.01523
107769	5.44529e+07	275468	5.29e+06	3.22022
106781	5.47881e+07	275561	5.29e+06	2.06912
106916	5.51038e+07	275971	5.29e+06	2.46835
107625	5.43692e+07	275179	5.29e+06	2.11814
106821	5.47302e+07	275367	5.29e+06	2.21363
106867	5.44317e+07	274661	5.29e+06	1.90272
107012	5.4855e+07	275669	5.29e+06	2.15475
108088	5.52508e+07	275997	5.29e+06	1.87098
107634	5.52677e+07	275997	5.29e+06	2.06362
107280	5.50374e+07	274907	5.29e+06	1.80698
106694	5.39043e+07	273608	5.29e+06	2.01344
107271	5.49895e+07	275871	5.29e+06	2.05082
106404	5.42772e+07	274921	5.29e+06	2.1344
106927	5.43278e+07	274820	5.29e+06	1.90413
106692	5.39497e+07	274032	5.29e+06	2.176
108059	5.48164e+07	275845	5.29e+06	2.14387
107086	5.47852e+07	275518	5.29e+06	2.12646
107176	5.38966e+07	274442	5.29e+06	2.08154
107319	5.53153e+07	276097	5.29e+06	2.53491
107072	5.47709e+07	274277	5.29e+06	1.79238
106768	5.36581e+07	273489	5.29e+06	2.19136
107519	5.48422e+07	275827	5.29e+06	2.56883
106207	5.34516e+07	272468	5.29e+06	2.43674
107060	5.50416e+07	275820	5.29e+06	2.18675
106618	5.45468e+07	275019	5.29e+06	2.25254
106762	5.34223e+07	272999	5.29e+06	2.19482
106233	5.3964e+07	274325	5.29e+06	2.20557
107483	5.50627e+07	275971	5.29e+06	2.1056
107394	5.45983e+07	275543	5.29e+06	2.60032
106147	5.4338e+07	274653	5.29e+06	2.6665
106952	5.50821e+07	275795	5.29e+06	2.14822
107928	5.50289e+07	275889	5.29e+06	1.99846
106488	5.47277e+07	274442	5.29e+06	2.06714
106589	5.44678e+07	274878	5.29e+06	2.03546
106497	5.51978e+07	275846	5.29e+06	2.46528
106337	5.51213e+07	274789	5.29e+06	2.10099
108123	5.48416e+07	275863	5.29e+06	2.22374
106035	5.4488e+07	273537	5.29e+06	2.1856
107497	5.45818e+07	275563	5.29e+06	2.23142
107023	5.4036e+07	274795	5.29e+06	2.06784
107092	5.46856e+07	275451	5.29e+06	2.07206
106516	5.34607e+07	271981	5.29e+06	2.19072
106198	5.40175e+07	273417	5.29e+06	2.07974
107640	5.49743e+07	275889	5.29e+06	2.32525
107368	5.50995e+07	275989	5.29e+06	2.14157
108057	5.50254e+07	275853	5.29e+06	1.92666
107437	5.53071e+07	276097	5.29e+06	2.1481
107113	5.50567e+07	275838	5.29e+06	2.14925
107235	5.52364e+07	276015	5.29e+06	2.21696
106585	5.3809e+07	273586	5.29e+06	2.06195
106324	5.40733e+07	272813	5.29e+06	2.05568
106727	5.37656e+07	273838	5.29e+06	2.07565
108154	5.40525e+07	274140	5.29e+06	1.90349
106673	5.4065e+07	274619	5.29e+06	1.9017
106648	5.40908e+07	274558	5.29e+06	2.11507
106508	5.39885e+07	274713	5.29e+06	2.15219
106652	5.45306e+07	275140	5.29e+06	2.16781
106587	5.46132e+07	275119	5.29e+06	2.40282
106828	5.46504e+07	275737	5.29e+06	2.2912
108108	5.50405e+07	275971	5.29e+06	2.20096
106841	5.46172e+07	275349	5.29e+06	2.06605
107383	5.52998e+07	276097	5.29e+06	2.16653
107281	5.45072e+07	275425	5.29e+06	2.1463
106680	5.48785e+07	275669	5.29e+06	2.26714
106679	5.43254e+07	275205	5.29e+06	2.27558
106709	5.5317e+07	276115	5.29e+06	1.99206
107578	5.52822e+07	276115	5.29e+06	2.10944
107097	5.46063e+07	275525	5.29e+06	2.1033
106716	5.42844e+07	274929	5.29e+06	2.03584
107913	5.50748e+07	275989	5.29e+06	2.44595
106078	5.46449e+07	275155	5.29e+06	2.10586
105876	5.41427e+07	274341	5.29e+06	2.32806
107436	5.50748e+07	275989	5.29e+06	2.49446
106851	5.43968e+07	275417	5.29e+06	2.11494
106585	5.49266e+07	275544	5.29e+06	2.23309
107337	5.48611e+07	275863	5.29e+06	1.98298
107259	5.47459e+07	275763	5.29e+06	2.30758
105920	5.46621e+07	275360	5.29e+06	2.11712
106614	5.51923e+07	276015	5.29e+06	2.22106
107811	5.45421e+07	275637	5.29e+06	2.11622
106455	5.46024e+07	275015	5.29e+06	2.14362
107294	5.451e+07	275443	5.29e+06	2.4937
107210	5.51011e+07	275989	5.29e+06	1.98272
107053	5.43838e+07	275243	5.29e+06	1.89274
