22	0	8	77	14	16	58	58	19	98	38	19	
3	16	11	0	11	6	57	68	20	134	34	65	
25	50	48	1	7	6	61	20	20	49	68	20	
28	42	28	20	8	88	9	13	34	87	32	0	
36	25	82	20	27	66	24	0	0	37	8	99	
88	0	9	26	11	30	57	23	40	0	30	107	
2	52	36	51	12	0	28	34	43	68	99	0	
12	14	28	132	0	52	16	12	6	42	11	94	
11	0	32	32	48	64	7	15	16	91	49	26	
44	31	40	38	17	40	14	68	18	6	60	8	
0	90	2	0	55	54	10	24	11	86	46	49	
83	32	24	86	4	0	13	56	44	0	26	21	
12	69	59	12	10	20	4	64	41	13	27	27	
57	92	6	22	8	0	11	34	35	40	3	77	
38	59	53	56	0	16	48	9	10	56	21	16	
8	27	6	59	19	10	46	12	38	65	63	0	
7	8	36	26	45	4	15	4	36	131	36	34	
35	32	46	7	9	8	71	58	34	14	65	40	
39	35	24	18	26	11	40	43	0	43	43	103	
3	44	0	0	15	58	37	28	76	26	31	48	
13	26	42	11	50	90	8	115	0	16	2	14	
24	18	10	20	22	20	60	57	10	86	57	6	
19	52	0	22	9	30	40	70	29	8	0	71	
0	0	10	22	48	65	21	73	5	71	26	46	
56	61	28	0	54	0	30	0	27	41	54	68	
41	0	47	10	39	0	8	128	19	27	38	70	
85	12	0	31	0	91	34	39	40	22	29	14	
27	88	71	39	28	25	8	57	50	5	3	20	
15	4	13	34	96	41	80	47	24	35	6	26	
25	6	25	16	60	28	40	56	42	18	15	4	
16	50	27	73	15	17	42	0	79	23	29	12	
16	24	56	48	27	14	21	11	44	3	88	6	
34	25	29	74	68	19	0	63	14	16	15	34	
39	9	1	64	54	33	8	38	0	65	42	8	
46	8	26	52	21	29	25	17	32	0	15	120	
56	14	88	37	67	28	5	17	24	42	0	0	
8	0	93	49	33	2	23	0	8	4	68	95	
11	12	6	66	25	20	0	95	17	29	24	118	
15	0	34	66	61	37	24	60	7	8	3	38	
19	48	18	134	5	81	55	0	45	0	11	11	
16	198	36	7	42	14	18	10	11	42	0	32	
17	20	10	0	19	64	17	50	35	19	47	78	
2	31	4	56	25	7	24	32	12	55	120	21	
19	46	37	34	16	1	44	16	77	32	10	50	
29	102	0	0	59	7	64	6	0	35	35	66	
37	5	10	12	50	75	49	58	16	0	68	40	
71	1	41	10	82	2	40	13	11	14	6	54	
43	18	43	20	42	34	24	34	36	0	34	64	
44	38	10	0	19	8	57	92	5	10	63	33	
16	8	30	46	9	91	18	7	6	33	61	10	
41	46	43	0	48	4	0	16	64	58	8	97	
0	97	32	53	71	47	54	6	14	34	0	8	
2	28	35	14	22	49	0	35	24	90	22	38	
64	27	115	48	18	0	0	37	24	36	22	2	
1	139	52	57	6	0	20	9	4	49	13	25	
35	53	5	51	35	14	69	66	4	49	0	0	
13	0	78	33	4	7	7	0	30	51	70	70	
39	16	48	46	27	16	64	22	11	37	45	10	
3	22	4	72	40	39	16	0	83	38	9	61	
9	54	38	22	56	33	0	72	81	0	50	8	
22	74	16	9	77	30	56	65	14	7	26	9	
7	40	88	45	17	8	54	52	12	37	8	23	
33	86	0	19	37	51	12	59	38	26	0	54	
86	19	63	6	74	11	27	10	64	0	4	27	
64	12	32	1	4	98	50	42	16	11	65	26	
21	25	37	48	33	104	0	32	2	37	13	11	
85	5	1	24	18	24	62	0	49	34	52	68	
0	30	4	100	19	52	24	60	34	45	16	0	
38	0	76	0	12	128	5	14	9	21	36	53	
26	40	41	21	0	0	43	115	8	34	76	18	
24	46	50	45	11	63	11	10	71	10	4	0	
33	40	32	91	0	37	16	72	25	1	22	20	
23	76	24	0	53	86	42	17	13	6	10	35	
44	71	0	11	102	33	0	24	0	13	54	65	
70	55	40	44	44	43	12	19	35	1	3	5	
1	62	13	32	3	29	40	52	29	5	66	23	
14	22	61	0	13	18	36	76	53	25	37	44	
89	10	5	40	20	52	57	56	16	5	13	18	
19	39	16	21	70	24	8	22	33	27	52	44	
39	49	5	47	48	47	0	0	48	45	37	62	
58	1	74	2	68	64	34	10	37	4	14	57	
7	13	0	41	44	0	13	80	24	50	70	80	
54	88	40	44	8	11	41	26	67	0	0	13	
75	37	30	0	0	77	0	26	59	48	8	48	
8	53	23	8	45	34	3	24	47	74	2	106	
28	0	2	7	34	87	70	0	33	56	50	28	
85	13	14	36	32	20	3	26	46	124	22	6	
40	4	56	20	76	39	37	20	12	46	0	11	
52	65	27	86	13	4	22	36	46	52	21	0	
41	73	44	44	61	0	56	18	27	0	32	29	
15	0	11	67	26	42	52	26	61	0	64	59	
15	42	66	0	74	0	45	16	32	49	74	12	
36	4	38	66	10	16	58	52	10	59	15	21	
39	25	0	72	25	19	14	44	16	27	57	0	
18	0	20	98	6	57	19	100	21	15	64	0	
75	86	50	0	11	24	31	28	20	20	28	12	
12	48	33	4	38	6	4	13	42	45	52	36	
12	17	14	92	10	16	12	35	0	10	51	115	
55	0	2	21	28	84	34	43	24	64	4	22	
44	105	2	16	11	52	9	18	56	61	23	20	
3	81	16	20	39	83	0	28	17	0	45	50	
10	10	47	107	17	19	49	34	70	25	38	1	
8	22	22	5	117	38	58	37	8	7	0	9	
0	51	46	24	13	50	5	51	14	50	0	41	
35	4	71	0	33	0	21	14	41	5	95	98	
49	64	49	0	19	39	22	60	46	8	25	2	
24	37	52	58	60	8	22	55	10	34	8	23	
43	21	47	4	40	38	37	14	0	8	75	54	
19	6	68	48	46	26	53	56	71	0	29	0	
44	25	11	66	8	42	19	27	17	16	62	52	
0	42	0	61	8	61	52	27	35	55	23	14	
61	82	42	29	69	33	66	0	0	20	11	10	
15	38	56	21	25	17	26	0	36	84	27	74	
24	4	5	8	9	5	70	18	13	38	56	100	
20	88	10	0	80	10	32	12	41	9	48	42	
25	64	0	70	60	12	25	0	104	9	15	42	
14	16	0	86	32	72	62	3	61	10	10	59	
42	0	105	76	46	26	42	23	0	22	35	10	
10	3	14	4	117	40	25	17	35	35	54	7	
62	90	25	48	46	28	3	20	24	36	22	8	
40	38	20	38	63	4	25	50	18	0	1	92	
46	0	16	80	5	0	25	18	21	94	35	87	
58	13	22	79	57	12	3	0	38	39	18	42	
40	14	1	29	51	61	53	67	16	64	16	0	
23	74	70	28	38	0	38	10	44	28	33	7	
23	72	20	16	28	54	50	12	2	16	25	68	
0	0	17	67	94	37	8	24	46	13	2	87	
48	58	54	102	22	12	4	2	14	0	18	59	
29	62	55	19	42	36	50	25	15	24	2	20	
42	16	41	41	73	10	66	22	32	40	0	0	
64	24	4	9	53	35	33	0	34	91	10	64	
16	12	6	23	27	0	59	106	35	23	56	0	
8	83	33	100	26	0	69	8	36	8	12	0	
17	0	32	13	48	15	44	0	66	47	30	81	
25	32	0	106	6	56	9	36	36	10	71	26	
38	36	5	36	54	38	14	42	60	0	24	46	
23	16	2	98	55	48	32	16	8	8	24	29	
110	37	18	15	0	5	26	9	66	33	4	36	
80	27	16	44	18	49	44	53	2	5	43	36	
11	38	5	51	21	5	4	62	104	120	0	4	
32	51	31	50	14	50	4	45	16	58	26	38	
2	13	58	22	72	32	29	19	64	22	82	9	
24	16	21	36	66	20	14	6	58	46	42	72	
63	36	50	67	22	3	0	6	2	46	48	71	
23	2	4	50	30	23	24	100	23	4	84	52	
14	79	12	55	40	0	78	46	23	3	34	5	
36	6	42	116	36	0	15	88	52	3	8	25	
4	4	59	15	81	17	62	39	2	8	43	53	
39	12	8	43	25	19	48	34	72	50	43	0	
34	10	4	34	38	47	14	8	17	101	48	50	
0	54	53	54	20	65	36	0	32	23	74	16	
3	24	36	48	8	49	60	41	34	9	43	68	
76	42	2	16	40	33	34	0	73	6	37	15	
8	14	81	85	14	11	3	20	15	36	49	91	
5	49	25	0	32	52	101	6	75	42	0	36	
56	32	9	18	8	40	66	45	66	12	8	21	
58	0	9	31	60	63	36	58	4	71	19	14	
43	14	9	0	0	150	11	7	80	65	42	6	
34	17	8	20	96	17	64	1	56	23	29	18	
109	74	4	0	32	29	17	23	29	40	34	34	
20	38	29	36	95	8	0	35	70	20	42	0	
29	53	20	23	34	80	6	48	0	14	9	63	
72	0	43	44	4	94	37	57	3	0	11	52	
35	56	43	44	34	25	23	29	45	0	13	10	
21	0	35	0	31	36	80	16	80	2	36	50	
50	14	11	63	44	48	2	89	8	75	12	9	
36	11	14	32	16	72	23	54	0	17	96	32	
16	4	24	102	20	1	41	67	10	62	54	23	
14	28	52	82	29	41	52	0	12	45	10	60	
56	32	33	5	49	54	32	24	4	12	68	19	
23	18	5	11	17	60	64	90	25	28	36	3	
70	24	8	66	99	25	12	0	56	53	8	4	
24	46	16	13	47	48	38	24	11	0	33	47	
85	59	3	16	27	35	32	24	49	8	42	6	
20	23	8	36	2	55	88	6	1	4	27	83	
26	1	10	15	56	42	18	35	74	17	93	2	
10	21	38	54	75	40	15	46	1	47	36	8	
18	36	31	28	60	35	20	0	27	11	30	69	
0	70	14	42	35	14	68	24	48	60	0	49	
18	26	0	84	10	49	68	41	46	65	20	0	
57	86	10	38	53	40	28	0	22	43	4	44	
38	33	19	48	19	136	33	8	15	3	55	0	
45	1	24	14	48	0	14	92	52	29	53	17	
120	13	0	42	51	25	95	0	19	46	0	14	
27	95	54	9	0	51	15	22	65	28	45	4	
64	0	43	14	25	98	17	26	42	64	25	6	
1	104	10	27	34	9	54	21	60	7	36	60	
22	80	0	42	51	41	0	25	53	37	34	40	
46	24	42	0	23	110	2	56	12	102	6	4	
58	8	1	0	63	23	16	17	66	52	107	16	
32	18	35	46	20	70	32	84	0	38	18	0	
64	15	23	18	5	68	3	102	66	0	38	22	
0	26	16	63	5	89	60	69	32	39	1	25	
83	33	30	33	102	25	10	0	1	31	75	1	
18	3	60	71	89	0	41	0	64	0	19	60	
20	68	38	28	6	52	38	0	20	34	2	12	
22	12	22	51	13	11	16	19	20	83	50	36	
72	35	77	23	33	0	0	55	41	58	16	17	
49	48	13	24	55	14	24	45	96	0	19	4	
10	24	0	34	47	56	66	32	1	80	5	66	
0	39	16	56	18	38	4	27	34	73	18	66	
31	17	82	44	24	52	22	36	0	25	42	13	
30	33	0	40	25	62	39	0	70	16	74	34	
40	71	46	46	4	29	1	41	8	11	49	8	
21	44	36	16	42	60	21	73	4	0	66	38	
47	50	32	47	79	48	52	0	36	10	10	11	
35	62	5	32	0	37	21	41	0	16	86	92	
39	32	22	52	21	32	39	32	28	12	16	48	
55	65	62	40	23	0	24	4	16	17	29	10	
0	15	79	53	29	58	19	4	0	20	76	32	
46	59	79	0	30	52	16	3	28	76	22	0	
27	34	28	21	61	2	24	143	12	26	40	1	
25	27	30	76	55	83	0	43	41	42	5	0	
28	57	42	29	0	20	2	0	20	105	29	54	
49	24	0	56	42	42	61	24	10	44	41	28	
54	17	92	15	9	7	25	37	12	44	25	72	
40	57	11	1	4	32	96	43	34	21	6	76	
52	24	11	38	5	10	19	9	69	0	57	63	
19	14	44	0	73	8	11	45	58	71	82	0	
44	10	60	42	64	8	5	43	64	12	49	11	
10	64	60	0	60	23	15	6	13	25	67	2	
75	0	35	21	23	0	10	44	40	89	30	32	
10	116	23	8	2	45	37	74	4	0	18	32	
20	0	28	50	0	21	36	114	32	46	73	2	
37	0	26	32	38	46	34	0	46	78	26	64	
37	78	13	7	54	33	45	7	111	14	24	0	
88	57	10	0	39	4	27	29	10	5	27	45	
15	49	0	57	8	50	72	21	53	6	18	44	
0	57	10	32	59	59	1	33	23	12	52	49	
32	52	23	9	10	12	34	55	0	93	36	34	
5	7	51	50	44	0	72	56	15	6	51	2	
34	41	85	53	0	22	22	27	60	23	19	40	
82	64	0	19	14	91	16	3	20	45	20	1	
58	13	39	0	19	88	0	24	50	35	65	22	
17	68	52	0	39	61	4	48	5	42	3	88	
72	0	29	45	40	60	10	0	13	48	48	28	
13	65	8	84	68	7	13	0	68	2	92	0	
39	15	83	0	45	42	20	8	10	69	50	0	
9	57	86	12	10	24	7	45	33	2	68	0	
45	12	6	0	50	16	18	38	28	132	20	62	
90	9	67	34	14	37	7	4	36	4	9	39	
26	118	44	2	32	38	14	40	13	18	33	13	
0	35	42	49	68	9	10	5	19	33	30	83	
31	0	49	10	36	36	57	45	0	48	7	76	
74	32	23	53	15	44	48	64	16	0	21	1	
2	9	47	73	62	13	25	0	90	0	45	13	
12	113	26	0	43	7	32	7	16	3	28	38	
10	0	51	54	48	72	16	0	37	34	47	24	
20	58	34	43	5	16	9	100	62	39	35	2	
42	107	0	41	2	9	8	100	4	25	9	40	
21	18	31	36	95	52	41	77	10	0	6	40	
14	0	39	26	0	59	82	20	37	61	44	43	
48	58	4	0	72	0	63	33	13	75	49	10	
62	32	14	1	120	9	10	93	8	69	0	7	
4	2	42	32	26	6	21	84	10	51	82	63	
1	38	58	89	85	30	8	0	0	32	29	55	
20	26	8	109	84	0	34	19	8	49	38	0	
18	21	26	62	6	54	18	0	10	61	45	68	
0	0	16	138	18	36	47	56	1	21	17	76	
5	36	56	9	24	36	34	120	14	46	26	21	
