9359.97	121728	14006	260000	0.121728
9310.7	114688	13880	260000	0.115712
10076.4	84992	12426	260000	0.084992
9183.79	109056	13409	260000	0.109056
8781.75	120192	13888	260000	0.120192
8696.45	120832	13755	260000	0.120832
8683.81	121216	13906	260000	0.121216
9353.79	109824	13644	260000	0.109824
9234.89	100608	13434	260000	0.100608
10043.8	92672	13165	260000	0.092672
8696.17	126976	14006	260000	0.126976
8504.04	100736	12143	260000	0.104576
9875.31	93568	13122	260000	0.093568
9134.44	104960	13157	260000	0.10496
9394.55	88576	12912	260000	0.088576
9126.15	99712	12837	260000	0.099712
10003.7	90752	12964	260000	0.090752
10294.7	99200	13603	260000	0.0992
9556.32	105344	13880	260000	0.105344
8541.14	88832	12308	260000	0.08832
9312.68	98688	13283	260000	0.098688
10047.7	99328	13416	260000	0.099328
8543.82	103168	12794	260000	0.103168
8523.57	98048	11991	260000	0.098048
7934.61	123008	13502	260000	0.123008
8640.13	127488	14006	260000	0.127488
8882.52	95872	12610	260000	0.095872
10169	105344	13654	260000	0.10304
10254.6	102016	13628	260000	0.102016
9889.17	76288	11692	260000	0.076288
9287.5	95744	12956	260000	0.095744
10055.8	81536	11905	260000	0.081536
9409.42	100352	13434	260000	0.100352
9269.94	99584	13240	260000	0.099584
9238.53	104192	13460	260000	0.104192
8727.45	99072	12660	260000	0.103424
8553.07	102912	13121	260000	0.102912
9386.73	108416	13754	260000	0.108416
9060.52	100608	12863	260000	0.100608
8569.04	129152	14006	260000	0.129152
9470.67	112384	13988	260000	0.112384
9146.92	93440	12736	260000	0.09344
10051.3	93568	13334	260000	0.093568
10054.7	91776	13013	260000	0.091776
8122.76	110848	12999	260000	0.110848
9463.66	104192	13636	260000	0.104192
10006.2	84736	12333	260000	0.087808
9346.12	107008	13542	260000	0.107008
9254.56	87296	12805	260000	0.087296
9767.04	75520	11654	260000	0.07552
8834.65	116480	13880	260000	0.11648
8921.4	108416	13358	260000	0.108416
9191.5	97408	13140	260000	0.097408
8788.07	111872	13560	260000	0.111872
9053.92	95104	12527	260000	0.095104
8570.77	102272	12931	260000	0.102272
8423.02	110336	13366	260000	0.110336
10107.5	87424	12905	260000	0.087424
9205.6	106368	13335	260000	0.106368
8881.98	111488	13780	260000	0.110336
10153.9	81280	12620	260000	0.07872
10056.8	99712	13434	260000	0.099712
8824.76	108416	13276	260000	0.108416
9517.43	102528	13460	260000	0.102528
10249.2	105728	13680	260000	0.104192
9208.03	107264	13366	260000	0.107264
9538.46	108032	13736	260000	0.108032
8488.84	105216	13139	260000	0.105216
8482.26	112768	13542	260000	0.112768
8805.39	109952	13762	260000	0.109952
9080.32	94080	12460	260000	0.09408
9343.73	94208	13334	260000	0.094208
9216.47	103168	13258	260000	0.103168
8377.94	111488	13402	260000	0.111488
10016.1	86144	12604	260000	0.09088
9862.46	89856	12963	260000	0.089856
9357.27	86528	12444	260000	0.086528
10045.6	85888	12830	260000	0.085888
10019.9	85504	12452	260000	0.085504
8792.79	125184	14006	260000	0.12544
10354.9	110592	13780	260000	0.098304
8739.77	114816	13762	260000	0.109568
8724.24	115968	13568	260000	0.112768
8113.81	121984	13284	260000	0.110464
10083.5	120320	14006	260000	0.100864
8568.03	120704	13686	260000	0.1088
10218.4	116992	14006	260000	0.116736
100 generations
9410.3	99072	13240	260000	0.099072
9389.05	124672	13888	260000	0.124672
8758.55	128384	13906	260000	0.128384
8692.87	115840	13780	260000	0.11584
8840.58	126976	13906	260000	0.126976
10000.1	100224	13273	260000	0.100224
8418.12	86400	12341	260000	0.0864
8526.83	118656	13484	260000	0.119168
9307.62	99584	13056	260000	0.099584
9834.43	82944	11704	260000	0.082944
9272.49	98048	13038	260000	0.098048
9168.95	96896	12931	260000	0.096896
10077.7	99840	13503	260000	0.09984
8523.41	109312	13114	260000	0.109312
10271.2	116736	14006	260000	0.116736
9285.4	97536	13046	260000	0.097536
8490.8	92416	12359	260000	0.092416
8792.93	103296	13376	260000	0.103296
9291.15	96640	12956	260000	0.09664
10038.6	98816	13434	260000	0.098816
9522.12	88192	12830	260000	0.087168
8793.09	114944	13762	260000	0.114944
10003.9	98432	13334	260000	0.098432
8685.06	89600	12761	260000	0.0896
8909.32	110080	13754	260000	0.11008
9377.95	108288	13603	260000	0.108288
9889.65	84224	12592	260000	0.084224
9362.52	107648	13542	260000	0.107648
8883.9	128256	13988	260000	0.128256
9569.08	121984	13906	260000	0.121984
8962.31	127744	14006	260000	0.127744
10072.3	97408	13240	260000	0.097408
10126.7	95616	13132	260000	0.095616
9234.83	107136	13409	260000	0.106624
8559.92	132352	14006	260000	0.132352
9258.27	94592	12905	260000	0.094592
9337.63	98432	13132	260000	0.098432
9393.54	105216	13560	260000	0.105216
9969.16	102272	13291	260000	0.102272
8656.89	119040	13686	260000	0.118528
9236.77	109312	13560	260000	0.109312
10025.4	82944	12730	260000	0.082944
8771.35	97152	12956	260000	0.097152
9409	104448	13654	260000	0.104448
8417.55	106496	12276	260000	0.106496
8463.75	100096	13083	260000	0.100096
8597.13	112640	13560	260000	0.11264
9466.62	102656	13251	260000	0.102656
9300.57	108416	13560	260000	0.108416
9862.59	95872	13140	260000	0.095872
9408.41	96768	13140	260000	0.096768
10183.4	99328	13477	260000	0.099328
9507.1	112128	13880	260000	0.112128
10030.2	98304	13250	260000	0.098304
10398.7	111744	13862	260000	0.111744
10238.2	100864	13628	260000	0.100864
9539.57	98176	13232	260000	0.098176
10163.4	103808	13603	260000	0.103808
9296.8	106752	13409	260000	0.106752
9414.66	124160	14006	260000	0.12416
10160.6	96384	13283	260000	0.096384
9373.49	107648	13560	260000	0.107648
10051.8	92928	12848	260000	0.092928
8862.05	128384	14006	260000	0.128384
10170.8	102528	13754	260000	0.102528
9352.84	93440	12838	260000	0.097024
10160	122752	14006	260000	0.122752
8889.27	114304	13780	260000	0.114304
10069.3	84736	12905	260000	0.084736
9394.48	106624	13754	260000	0.106624
8807.37	130816	14006	260000	0.130816
10211.5	94592	12956	260000	0.09216
9472.93	115840	13880	260000	0.11584
8811.77	114176	13586	260000	0.114176
9252.28	95232	12805	260000	0.095232
8563.25	112640	13477	260000	0.11264
9164.55	99712	13089	260000	0.099712
8658.92	111360	13182	260000	0.11136
10074.3	121344	13906	260000	0.121344
9499.12	87040	12696	260000	0.08704
10139.9	114176	13888	260000	0.114176
9370.85	125568	13906	260000	0.125568
10147.9	96640	13316	260000	0.100224
9987.2	84096	12786	260000	0.084096
9523.97	123392	13906	260000	0.123392
9084.03	85120	12560	260000	0.08512
10133.2	96512	13265	260000	0.096512
9844.17	93696	12837	260000	0.093696
10215.3	97024	13334	260000	0.097024
10036.8	99072	13434	260000	0.099072
9181.21	84608	12226	260000	0.084608
8939.88	125184	13888	260000	0.125184
8765.44	132224	14006	260000	0.132224
9379.96	120320	13880	260000	0.12032
9322.89	101888	13150	260000	0.101888
9360.6	102784	13409	260000	0.102784
8382.3	120832	13880	260000	0.120832
9581.52	99200	13250	260000	0.0992
9452.85	113792	13862	260000	0.113792
10190.9	107776	13855	260000	0.107776
8934.44	119936	13880	260000	0.120448
9308.93	126592	14006	260000	0.114304
9637.05	123264	14006	260000	0.119552
8594.85	113152	13560	260000	0.105088
9421.86	120448	13888	260000	0.109184
9450.59	118272	13880	260000	0.106496
9607.79	119808	13888	260000	0.104576
200 generations
8033.24	119424	13906	260000	0.119424
8895.37	94464	11586	260000	0.094464
9846.05	92288	12963	260000	0.092288
8905.8	134016	14006	260000	0.134016
9404.42	100352	13434	260000	0.09984
9463.23	108800	13718	260000	0.1088
9274.47	102784	13360	260000	0.102784
9473.13	94848	13316	260000	0.094848
8889.27	109440	13754	260000	0.10944
9851.49	91392	12971	260000	0.091392
9394.42	107776	13654	260000	0.107776
9518.41	108672	13736	260000	0.108672
8918.1	131456	14006	260000	0.131968
9952.35	81536	12352	260000	0.081536
9149.59	87680	12434	260000	0.08768
8865.74	103168	13157	260000	0.103168
8634.16	106880	12998	260000	0.10688
10170.7	101504	13603	260000	0.101504
8754.51	134144	14006	260000	0.134144
8539.94	113536	13265	260000	0.113536
9598.12	107264	13654	260000	0.106752
10179.5	88576	13025	260000	0.090368
10176.2	100224	13654	260000	0.100224
9201.01	93952	13089	260000	0.093952
8805.95	110464	13880	260000	0.110464
10316.3	88320	13106	260000	0.08832
9178.76	95744	12636	260000	0.095744
8575.45	102528	12747	260000	0.10176
9028.21	88448	12149	260000	0.088448
8796.27	113152	13762	260000	0.113152
8667.47	134656	14006	260000	0.134656
9573.12	109184	13754	260000	0.109184
9120.3	94208	12485	260000	0.094208
9427.71	98176	13560	260000	0.098176
9367.37	94080	13283	260000	0.09408
9360.17	102016	13442	260000	0.102016
9253.93	94848	13140	260000	0.094848
9647.49	128128	13988	260000	0.119872
9336	83584	12452	260000	0.083584
8839.74	98304	13150	260000	0.098304
9288.88	128768	14006	260000	0.128768
8551.56	110720	13560	260000	0.11072
8741.99	103296	13636	260000	0.103296
8571.24	102016	12905	260000	0.107264
9186.3	85760	12863	260000	0.08576
9374.56	123008	14006	260000	0.123008
9973.5	77568	11401	260000	0.077568
10013.1	95744	13434	260000	0.095744
9396.41	88832	12930	260000	0.088832
8680.59	116608	13686	260000	0.116608
9296.87	103168	13434	260000	0.102144
8607.63	97536	12678	260000	0.097536
8981.26	80000	11477	260000	0.08
8546.09	115968	13586	260000	0.115968
10136.2	106368	13780	260000	0.106368
9221.54	96896	13324	260000	0.096896
9442	128000	14006	260000	0.121088
8856.52	116096	13880	260000	0.109824
8736.68	123264	13880	260000	0.108032
9632.88	120448	13906	260000	0.109568
10172.7	105728	13754	260000	0.103552
8792.72	122496	13970	260000	0.108544
8522.46	119168	13686	260000	0.10048
9154.62	98048	13334	260000	0.091264
8646.93	126848	13988	260000	0.124288
10140	122752	14006	260000	0.121984
300 generations
