133	0	15	530	45	30	128	228	59	483	268	36	
19	91	42	0	30	19	428	327	61	688	64	171	
154	286	98	1	31	34	406	60	60	91	297	41	
167	129	67	54	30	541	62	82	95	401	60	0	
155	74	492	134	176	307	75	0	0	76	15	441	
372	0	46	55	71	171	121	53	121	0	150	779	
4	364	67	382	53	0	69	113	176	319	400	0	
31	42	182	531	0	304	62	23	19	289	77	360	
20	0	244	98	128	212	14	78	75	286	370	156	
197	191	121	73	65	75	48	404	34	23	402	30	
0	400	3	0	316	355	38	45	20	394	232	152	
537	207	98	267	15	0	64	327	83	0	149	40	
75	134	129	76	38	45	19	488	76	39	131	192	
290	364	45	138	30	0	67	87	65	176	5	399	
72	126	122	350	0	30	252	31	47	400	66	122	
15	72	30	203	87	30	137	76	94	421	257	0	
25	15	70	154	140	15	65	30	106	869	68	75	
250	244	258	40	34	61	269	108	248	53	139	213	
88	79	137	126	61	32	90	272	0	282	131	642	
10	280	0	0	43	185	72	152	465	49	173	159	
75	110	136	35	113	447	15	537	0	122	4	79	
68	35	65	65	43	152	227	410	23	415	153	23	
74	170	0	68	65	216	167	224	76	24	0	343	
0	0	34	155	354	213	47	339	23	167	148	293	
243	314	67	0	340	0	165	0	171	94	308	192	
91	0	217	27	283	0	15	670	38	136	155	323	
273	69	0	83	0	650	75	83	304	138	123	32	
79	633	160	91	198	72	38	293	293	16	6	38	
53	12	71	250	425	169	280	139	145	249	34	83	
46	34	57	68	209	171	259	135	85	127	55	19	
46	282	64	320	97	124	240	0	170	169	70	45	
76	152	231	343	65	66	42	20	90	9	441	23	
64	70	103	346	130	46	0	447	68	122	70	215	
102	32	4	213	107	229	30	201	0	413	79	42	
297	15	52	190	133	137	141	31	60	0	93	539	
173	64	625	72	163	90	16	31	149	204	0	0	
15	0	316	290	209	5	133	0	20	15	320	339	
24	45	23	471	139	99	0	454	34	103	75	458	
61	0	141	463	216	92	55	273	25	15	5	83	
88	249	38	764	20	215	216	0	305	0	32	28	
99	945	75	27	180	49	34	33	35	263	0	213	
124	130	49	0	49	384	46	280	157	111	114	173	
4	208	30	127	156	39	91	60	76	331	502	49	
134	107	168	167	38	2	83	30	426	244	65	185	
151	639	0	0	270	16	190	23	0	69	66	471	
87	31	65	23	140	479	140	323	30	0	503	94	
322	2	183	19	280	4	259	33	70	53	33	103	
81	58	96	130	194	202	53	75	274	0	246	285	
120	109	20	0	42	15	428	313	9	30	460	73	
122	42	90	113	16	553	42	27	12	62	156	33	
102	308	314	0	114	11	0	122	304	335	23	307	
0	552	175	283	155	157	347	23	50	110	0	25	
5	110	81	95	132	124	0	72	145	495	87	98	
212	143	402	306	45	0	0	171	166	129	118	4	
2	325	297	351	45	0	38	19	15	297	42	150	
96	225	32	107	206	54	289	319	15	291	0	0	
49	0	364	219	11	25	25	0	107	144	177	346	
98	106	98	184	143	30	212	95	33	276	292	69	
16	57	8	411	201	97	60	0	412	75	27	323	
23	266	71	114	393	77	0	334	484	0	155	15	
158	184	30	16	353	161	427	305	46	24	64	20	
23	75	394	104	46	15	369	282	44	169	14	146	
176	442	0	128	275	286	53	140	109	57	0	205	
165	85	367	12	318	47	145	34	350	0	8	157	
474	91	60	4	8	485	98	217	52	51	309	75	
51	92	206	297	64	461	0	141	15	76	44	20	
398	17	1	156	44	45	393	0	183	66	228	392	
0	106	15	440	38	194	160	205	157	268	81	0	
274	0	272	0	68	433	10	75	19	53	152	338	
75	282	171	141	0	0	85	572	30	66	446	62	
137	155	358	232	25	157	23	25	237	35	15	0	
74	121	244	504	0	165	30	226	168	1	65	75	
57	579	45	0	198	198	263	126	75	16	30	93	
133	384	0	22	407	62	0	55	0	61	323	439	
224	113	274	286	205	83	75	97	256	1	5	9	
4	182	29	121	5	171	98	190	94	19	354	162	
35	138	229	0	46	36	243	338	286	76	77	283	
488	35	24	195	45	297	124	243	76	9	42	34	
128	106	122	62	132	74	38	152	245	129	104	274	
95	276	31	115	289	253	0	0	305	142	69	380	
247	2	162	4	319	441	215	38	138	15	57	294	
20	49	0	125	156	0	49	573	53	369	245	291	
163	364	87	313	45	67	171	124	344	0	0	23	
190	96	151	0	0	375	0	171	214	322	30	366	
22	398	54	45	87	83	6	50	351	338	8	513	
90	0	4	25	109	266	349	0	183	166	370	149	
414	47	42	67	106	141	5	53	125	886	53	16	
98	30	105	68	395	256	134	136	70	109	0	51	
332	243	189	414	49	8	106	259	94	212	39	0	
77	369	221	292	413	0	231	64	77	0	130	73	
79	0	35	367	160	264	98	57	255	0	358	259	
68	309	160	0	151	0	317	30	232	194	429	57	
182	8	256	155	69	106	107	212	65	419	42	55	
293	187	0	162	107	57	61	129	30	65	306	0	
36	0	100	213	34	351	62	524	42	42	488	0	
381	416	98	0	28	53	162	167	152	42	76	60	
69	227	64	10	76	23	30	24	175	214	312	75	
66	123	34	471	24	30	91	72	0	34	355	333	
389	0	4	44	182	357	259	92	90	121	8	88	
133	503	4	45	68	350	32	126	419	137	50	42	
10	614	122	141	199	188	0	90	31	0	161	115	
34	31	160	779	57	36	370	64	271	47	105	1	
32	167	64	12	410	87	147	188	30	24	0	62	
0	102	247	149	65	96	10	210	44	323	0	122	
158	12	342	0	248	0	62	80	76	20	334	547	
367	120	155	0	53	83	64	358	323	30	70	4	
83	263	396	109	225	15	118	196	19	63	30	164	
88	154	318	30	151	87	74	42	0	15	453	200	
127	12	469	289	308	137	201	124	209	0	54	0	
90	164	35	312	61	313	82	180	47	30	217	142	
0	125	0	231	61	390	105	89	160	318	82	49	
356	353	280	169	320	61	247	0	0	63	57	19	
55	279	113	116	64	123	123	0	256	552	51	185	
146	7	34	27	65	23	399	126	46	170	128	203	
50	549	42	0	173	34	85	73	260	19	112	297	
92	247	0	456	178	69	54	0	494	16	38	309	
42	91	0	164	152	353	438	5	309	33	46	314	
308	0	208	434	317	140	159	143	0	125	102	19	
76	10	68	8	223	144	47	93	260	249	247	27	
418	377	185	144	323	72	8	43	45	68	141	30	
305	227	131	112	122	8	103	282	95	0	4	299	
99	0	53	387	25	0	156	82	138	322	79	614	
113	73	60	392	114	38	5	0	282	175	66	309	
90	28	2	84	124	328	163	322	122	488	103	0	
147	154	132	190	255	0	205	23	274	74	222	20	
142	341	60	30	160	169	371	80	4	30	148	143	
0	0	32	265	475	191	53	153	106	31	4	401	
144	132	205	770	91	35	30	4	75	0	50	160	
202	413	115	131	98	274	102	62	82	68	4	53	
94	106	78	275	175	20	446	68	244	121	0	0	
120	57	15	16	355	213	199	0	64	592	23	263	
76	36	33	94	118	0	239	480	66	64	415	0	
41	170	177	605	53	0	419	26	75	30	69	0	
91	0	207	50	274	66	106	0	319	232	167	184	
92	221	0	614	33	120	27	68	187	45	324	156	
197	211	10	70	386	98	25	171	297	0	94	137	
49	122	4	383	200	120	205	41	15	31	91	183	
318	263	126	96	0	31	140	25	176	171	8	90	
357	51	60	173	130	184	319	136	4	34	202	252	
43	77	17	248	141	12	8	188	425	773	0	8	
60	178	187	186	40	301	12	94	30	442	74	260	
8	46	384	43	140	60	57	82	472	137	475	34	
137	122	136	274	149	45	47	12	215	286	98	389	
229	253	279	149	79	16	0	19	4	328	366	140	
86	3	7	105	171	98	91	556	62	15	342	381	
99	189	42	104	243	0	478	277	149	9	64	34	
72	14	265	424	227	0	78	660	121	9	30	55	
15	30	203	65	338	32	312	225	5	20	311	117	
87	21	26	92	169	59	366	248	334	211	83	0	
163	18	8	259	79	298	80	15	31	383	274	232	
0	302	99	358	45	237	90	0	188	90	424	122	
5	183	91	90	30	260	457	77	79	39	296	318	
518	282	8	122	282	77	64	0	160	14	94	35	
15	53	338	414	38	35	17	79	28	160	367	411	
10	297	187	0	97	109	428	38	434	80	0	252	
105	244	19	32	23	217	216	109	431	91	15	134	
442	0	63	95	220	375	274	113	12	251	36	44	
282	35	35	0	0	454	34	21	294	492	263	45	
68	31	40	45	494	46	258	2	419	65	123	36	
512	553	30	0	244	76	59	43	80	75	75	193	
61	197	110	68	425	30	0	169	223	110	310	0	
162	167	60	101	84	610	19	90	0	33	43	250	
331	0	102	223	30	690	168	139	6	0	31	190	
164	197	80	294	64	156	131	79	191	0	43	45	
53	0	77	0	127	257	388	60	476	5	113	94	
136	49	20	144	305	366	15	611	61	186	38	16	
274	57	27	60	58	549	45	307	0	59	180	210	
122	30	75	557	38	4	91	155	19	446	365	43	
26	182	339	474	203	109	105	0	23	107	35	344	
120	203	183	20	368	344	60	91	15	41	128	98	
50	130	9	23	70	242	426	353	166	60	68	6	
495	45	61	392	223	54	60	0	389	198	22	8	
137	159	122	46	142	366	83	46	67	0	79	152	
351	386	5	30	171	209	105	117	183	15	83	16	
152	116	15	68	4	220	277	19	2	10	104	435	
187	4	68	44	105	310	130	156	342	55	269	3	
19	42	83	380	169	290	96	301	1	202	68	30	
34	274	157	213	312	66	99	0	158	25	126	133	
0	167	56	289	204	45	457	50	151	435	0	91	
126	160	0	160	30	141	404	268	274	308	84	0	
121	449	44	248	379	113	99	0	49	99	19	320	
251	69	83	366	50	540	61	15	66	10	384	0	
326	1	53	53	207	0	38	256	102	214	400	38	
473	54	0	105	328	147	400	0	134	226	0	73	
172	283	286	24	0	280	51	122	490	60	84	12	
304	0	92	33	130	701	64	175	144	212	47	36	
2	766	38	143	64	34	168	92	442	17	68	113	
64	545	0	175	280	168	0	107	345	79	75	102	
140	116	79	0	66	349	4	417	53	674	38	19	
298	61	1	0	417	149	59	111	484	130	215	30	
244	88	70	137	53	261	216	379	0	186	62	0	
212	44	96	103	12	135	5	629	378	0	289	42	
0	60	64	412	10	472	312	194	60	237	1	118	
196	62	128	245	571	79	69	0	4	157	433	1	
49	7	232	320	236	0	123	0	487	0	94	399	
43	496	83	68	18	158	94	0	103	259	4	41	
157	60	64	187	73	21	68	101	98	162	278	160	
273	173	354	99	248	0	0	398	79	173	103	55	
186	116	35	91	167	42	167	305	502	0	63	7	
28	183	0	64	302	338	154	244	4	463	13	128	
0	129	30	362	35	256	8	137	64	351	126	182	
197	126	407	289	68	114	129	77	0	156	79	29	
151	245	0	127	153	231	76	0	385	30	275	252	
229	247	87	87	30	110	2	102	61	50	368	61	
40	272	70	91	120	396	90	365	8	0	264	201	
178	170	75	104	477	366	191	0	274	35	19	34	
92	312	31	234	0	181	46	106	0	88	407	458	
76	94	167	219	39	60	80	244	107	76	122	274	
202	241	315	90	125	0	72	8	90	34	168	30	
0	46	148	213	202	358	81	7	0	46	478	87	
98	230	492	0	82	212	30	6	60	557	66	0	
69	64	187	62	393	5	84	751	30	149	121	2	
61	80	190	341	351	248	0	128	272	267	17	0	
57	408	80	78	0	98	4	0	152	521	156	125	
92	91	0	227	217	261	421	83	36	129	287	73	
108	32	648	99	17	20	77	91	30	236	187	319	
190	124	48	1	8	137	379	81	248	154	14	533	
205	60	37	94	9	19	49	16	376	0	168	411	
36	34	98	0	319	22	26	124	297	491	493	0	
269	34	265	217	455	15	16	111	304	42	92	27	
53	263	262	0	381	66	66	16	46	47	217	5	
511	0	252	139	110	0	75	267	80	181	190	60	
34	363	161	27	8	152	162	336	8	0	49	244	
121	0	145	274	0	40	75	586	69	151	464	5	
278	0	142	170	78	304	64	0	233	361	114	211	
72	321	80	32	347	245	192	24	506	49	57	0	
257	345	38	0	282	8	181	74	38	31	65	95	
40	137	0	405	15	186	499	64	100	11	99	140	
0	198	49	244	270	444	2	64	53	42	192	115	
90	129	101	22	66	27	247	308	0	358	274	64	
16	15	96	128	271	0	327	304	42	30	211	4	
252	128	415	305	0	167	83	166	205	65	46	121	
165	214	0	50	31	602	122	6	45	221	106	4	
215	46	131	0	134	456	0	45	148	249	360	72	
63	155	304	0	176	236	15	90	34	243	5	634	
272	0	59	305	75	242	76	0	73	327	110	157	
64	198	15	388	499	20	48	0	196	8	479	0	
271	86	354	0	111	136	60	39	44	244	282	0	
47	393	245	31	49	106	24	196	200	4	126	0	
291	38	12	0	134	30	38	74	133	684	96	425	
414	31	126	249	27	97	42	8	175	15	49	264	
198	643	313	4	60	94	48	87	39	84	84	27	
0	165	129	324	445	63	33	12	38	154	102	155	
183	0	114	27	129	196	339	245	0	90	17	371	
507	244	55	100	46	98	257	136	78	0	156	4	
8	31	89	286	325	57	54	0	460	0	233	46	
69	510	175	0	85	36	167	18	75	17	68	72	
34	0	385	166	273	136	61	0	260	112	116	160	
152	125	113	104	9	30	65	755	216	99	260	4	
228	695	0	99	4	62	30	261	8	76	16	197	
141	83	151	263	483	376	123	147	38	0	10	140	
43	0	154	179	0	118	263	60	77	440	335	271	
120	219	23	0	244	0	395	156	47	518	152	66	
414	175	95	2	501	19	66	235	15	412	0	13	
15	3	79	94	66	19	55	434	28	280	433	419	
2	76	232	519	430	168	30	0	0	60	107	327	
84	100	17	520	407	0	190	36	30	183	144	0	
34	156	131	327	19	293	92	0	18	351	102	150	
0	0	110	776	84	191	112	152	1	138	62	327	
12	192	116	16	91	252	248	708	46	117	111	46	
