80	0	160	196	272	320	1152	832	320	1588	68	352	
36	320	196	0	176	80	160	720	324	1392	672	1232	
160	352	960	0	68	80	224	400	400	960	1024	328	
240	832	436	384	160	464	160	196	644	1072	640	0	
704	440	656	32	192	640	480	0	0	720	160	1284	
1072	0	160	436	192	272	1120	436	800	0	548	192	
32	356	672	32	200	0	512	672	512	720	1600	0	
200	272	240	2000	0	400	276	240	80	192	192	1152	
192	0	0	640	944	960	80	224	320	1472	4	440	
560	272	800	676	276	800	240	720	352	112	196	160	
0	1108	0	0	420	432	112	480	192	1044	592	960	
356	244	480	1344	80	0	244	464	832	0	192	352	
240	1344	1156	240	168	400	32	0	800	192	512	192	
480	1520	112	64	160	0	160	632	672	464	0	884	
752	1120	1040	480	0	320	600	160	116	144	384	0	
112	516	112	800	356	192	912	240	720	320	868	0	
112	160	644	160	884	80	272	80	720	612	720	672	
0	0	592	112	164	160	1076	1120	0	272	1220	480	
672	676	160	0	512	192	800	192	0	196	832	1076	
32	160	0	0	232	1136	724	240	560	480	272	960	
196	480	832	192	992	804	160	1280	0	0	32	228	
480	324	160	336	404	80	880	144	192	1044	1120	112	
304	1024	0	432	164	240	480	1024	560	120	0	752	
0	0	160	80	272	960	400	788	68	1392	148	272	
800	560	516	0	384	0	228	0	196	752	432	1312	
800	0	596	192	96	0	160	1216	356	484	720	720	
1360	240	0	564	0	192	672	756	160	64	560	228	
480	480	1392	708	240	436	160	484	352	80	32	400	
276	32	240	4	1280	480	1280	836	160	32	112	512	
480	112	484	320	864	224	160	1120	756	4	272	32	
304	352	516	800	240	0	480	0	1552	112	520	240	
272	160	784	240	516	244	404	192	880	32	800	112	
672	480	564	784	1284	352	0	276	272	0	272	320	
740	160	4	960	1028	320	160	752	0	320	752	112	
272	160	484	720	36	560	420	320	640	0	272	1392	
1028	272	160	724	1300	560	80	320	144	432	0	0	
160	0	1504	320	276	4	420	0	144	80	720	1520	
192	240	112	276	160	336	0	912	324	564	480	1680	
276	0	624	324	884	720	416	880	112	160	0	752	
356	624	352	1072	64	1604	756	0	240	0	192	80	
320	2336	720	116	484	240	352	160	100	192	0	320	
0	80	160	0	356	624	320	324	352	308	912	1552	
0	256	80	1072	164	112	480	640	240	436	1360	404	
36	868	400	304	320	0	880	320	868	0	160	960	
144	752	0	0	836	84	1236	112	0	672	672	352	
676	80	160	240	960	516	964	512	320	0	80	736	
1076	0	468	160	1312	0	160	240	192	272	80	1028	
832	336	832	80	788	320	480	672	80	0	0	888	
880	720	160	0	356	160	160	1444	64	192	276	624	
0	112	592	888	160	512	320	116	112	640	1184	160	
804	592	192	0	944	8	0	0	640	384	160	1584	
0	644	320	400	1392	880	388	112	256	640	0	116	
4	544	672	240	80	964	0	676	160	832	400	704	
960	192	1636	228	352	0	0	672	116	720	400	32	
0	2736	384	480	112	0	352	164	80	276	244	112	
644	660	80	992	324	256	1040	672	80	320	0	0	
244	0	912	276	32	112	112	0	592	964	1392	704	
756	320	960	544	192	320	960	400	160	80	200	192	
32	432	80	480	752	724	320	0	992	672	148	564	
44	752	720	432	112	640	0	800	624	0	992	160	
84	1440	320	160	884	256	160	640	272	112	480	116	
116	800	1120	864	320	160	400	400	196	720	80	100	
640	752	0	32	80	332	224	1120	720	512	0	704	
1632	328	592	112	1152	192	196	192	640	0	80	160	
272	240	640	4	80	964	992	512	240	192	596	512	
384	480	400	320	644	1396	0	624	32	676	192	192	
1044	64	0	112	308	480	272	0	640	644	1040	672	
0	592	80	1360	324	980	160	880	324	224	224	0	
112	0	1200	0	192	1904	80	224	164	356	672	404	
512	144	484	404	0	0	784	1312	160	644	512	320	
160	880	352	564	192	1216	164	160	1056	164	80	0	
624	800	0	832	0	360	320	1440	148	0	400	320	
436	240	480	0	720	1680	484	4	224	96	192	592	
864	756	0	164	1376	640	0	436	0	240	400	272	
1040	1044	160	224	880	804	240	352	36	0	32	80	
4	1232	192	640	32	192	800	672	564	84	672	112	
256	64	880	0	240	324	400	864	404	480	720	164	
800	164	64	464	400	352	1124	800	320	80	196	320	
0	752	0	400	1392	436	160	112	0	484	980	240	
732	320	80	912	320	576	0	0	272	864	672	592	
800	0	1472	32	720	304	320	192	720	80	200	436	
80	244	0	804	816	0	244	304	480	0	1040	1264	
1040	1120	752	240	160	192	484	496	632	0	0	192	
1432	656	592	0	0	880	0	160	832	276	160	0	
80	64	432	160	884	648	32	464	592	832	32	1120	
560	0	0	112	596	1392	752	0	640	1120	0	168	
1044	240	240	640	640	64	32	512	884	500	432	112	
800	80	1120	400	864	80	692	36	196	880	0	160	
356	948	160	1040	244	80	384	80	912	704	400	0	
800	804	560	180	240	0	752	320	512	0	596	544	
276	0	192	672	192	164	960	480	868	0	640	832	
276	192	1264	0	1392	0	244	320	304	644	480	192	
400	80	80	1284	192	320	1120	720	160	180	276	384	
116	164	0	1392	468	304	272	880	320	480	480	0	
324	0	336	1920	80	480	352	1024	388	276	0	0	
832	1044	912	0	192	432	272	240	80	360	544	240	
192	624	644	32	704	112	80	192	488	560	400	720	
144	0	240	880	176	320	240	676	0	192	356	1924	
408	0	0	356	240	1024	32	832	480	1264	80	352	
864	1120	0	320	164	400	160	0	120	1200	432	384	
32	4	0	32	752	1604	0	560	320	0	864	932	
192	144	912	496	324	320	4	672	1044	480	752	0	
68	112	432	84	1956	720	1152	384	160	112	0	160	
0	996	592	112	224	964	80	640	228	352	0	800	
352	32	724	0	4	0	400	272	800	68	1504	992	
0	1280	964	0	308	756	400	512	272	160	464	0	
432	84	80	1152	1156	160	384	720	192	640	160	116	
832	80	272	80	800	680	672	272	0	160	516	720	
0	112	352	320	272	472	724	1104	1360	0	560	0	
880	164	192	648	160	192	320	176	320	320	912	960	
0	832	0	884	160	240	1040	496	324	384	404	272	
512	960	164	224	720	640	1312	0	0	356	196	192	
272	84	1120	400	484	0	436	0	64	384	512	1440	
144	32	84	112	164	68	720	32	240	400	1120	2000	
356	464	160	0	1600	160	596	224	160	164	912	512	
480	944	0	432	1140	192	436	0	1120	160	276	160	
272	320	0	1684	320	784	224	0	864	160	168	512	
144	0	2064	560	272	160	832	40	0	432	676	160	
192	32	272	80	2276	752	480	320	32	32	724	116	
224	1124	160	960	240	512	36	356	480	720	112	160	
160	432	4	672	1216	80	484	352	320	0	4	1504	
912	0	272	896	64	0	164	324	80	1520	676	432	
1152	244	432	864	1104	240	0	0	112	404	324	192	
800	196	0	544	996	560	1044	672	0	0	272	0	
112	1472	1360	496	80	0	432	168	240	516	320	112	
80	752	400	320	240	996	4	224	32	320	468	1360	
0	0	320	996	880	384	144	464	888	192	32	1040	
960	1120	752	112	352	176	80	32	272	0	324	1128	
244	240	1072	32	808	80	944	480	240	480	32	400	
832	304	752	160	1424	164	320	408	0	752	0	0	
1280	464	80	160	352	356	320	0	640	512	168	912	
320	160	80	432	500	0	836	1152	672	436	112	0	
112	1600	320	992	488	0	388	112	720	160	224	0	
276	0	304	196	320	272	832	0	672	560	272	1604	
480	320	0	804	80	1120	164	720	336	192	708	160	
752	356	80	676	84	752	240	480	560	0	464	864	
400	0	32	1312	1024	960	320	272	160	120	480	196	
1824	84	0	272	0	80	480	160	1252	324	80	720	
960	480	320	832	32	640	196	1040	0	84	516	64	
160	720	80	656	84	84	80	1188	1440	784	0	32	
640	996	240	672	240	352	32	884	320	192	484	64	
32	240	464	404	1424	640	564	352	320	64	640	164	
160	0	384	80	1284	400	240	112	800	192	832	760	
1232	4	324	1312	432	32	0	112	0	272	0	1396	
392	0	0	992	240	436	480	720	432	80	1344	80	
272	1552	224	992	480	0	564	240	116	32	672	84	
704	84	164	1680	704	0	224	116	992	32	160	480	
80	80	832	240	964	320	912	384	4	144	192	1044	
756	192	112	820	160	320	0	0	1120	992	836	0	
624	160	80	32	720	260	244	160	320	1364	320	640	
0	336	1040	432	400	944	720	0	276	404	788	0	
0	160	704	960	160	612	240	800	640	160	164	676	
544	512	32	0	112	640	672	0	1364	84	724	272	
160	272	964	1044	224	196	32	384	240	352	0	1472	
32	624	164	0	592	1024	1360	112	484	804	0	80	
1120	0	164	320	160	752	960	836	336	240	160	36	
192	0	160	560	880	552	80	1152	64	1072	320	244	
196	240	144	0	0	2656	160	80	1556	4	192	112	
672	320	116	400	960	320	960	0	144	356	544	324	
1476	160	80	0	0	560	304	432	548	800	672	276	
384	432	564	640	1216	160	0	352	1040	356	164	0	
240	1040	400	408	624	0	80	960	0	240	144	900	
784	0	836	832	80	272	308	1124	0	0	192	720	
356	1120	800	224	640	164	432	564	544	0	192	192	
388	0	672	0	560	36	880	320	608	4	720	992	
920	240	160	1220	224	0	32	480	160	1472	240	160	
80	196	272	640	276	160	356	400	0	272	1920	304	
0	80	416	996	400	4	800	1316	192	240	432	432	
240	240	384	596	224	804	1040	0	240	880	144	516	
1120	272	320	64	0	432	640	480	80	168	1312	356	
436	352	80	164	276	880	320	1152	144	560	720	0	
408	480	160	656	1920	432	224	0	160	720	116	32	
160	912	0	240	864	0	728	464	192	0	564	912	
1040	160	0	320	516	356	640	436	640	160	832	96	
64	432	160	720	32	724	1716	112	0	36	480	672	
192	4	192	240	1120	164	32	672	832	272	1524	0	
192	404	752	84	1476	464	240	240	0	560	704	160	
352	80	240	240	544	672	400	0	192	192	564	1288	
0	1316	240	192	352	272	384	408	960	224	0	960	
32	192	0	1604	192	912	704	160	516	644	384	0	
1120	752	148	404	32	800	560	0	400	788	64	240	
432	628	324	0	352	1716	640	160	240	32	432	0	
192	0	480	272	596	0	272	1840	1024	240	84	228	
1700	240	0	832	352	160	1200	0	36	548	0	240	
160	1852	432	160	0	320	272	416	0	560	880	64	
640	0	820	240	432	352	324	192	832	960	432	84	
0	408	192	160	640	164	1040	400	240	112	704	1200	
432	272	0	512	352	788	0	480	324	724	672	752	
912	432	800	0	400	1872	0	116	224	432	88	64	
512	160	0	0	272	116	276	272	336	996	2080	320	
0	352	672	888	384	1072	260	1040	0	400	240	0	
960	272	432	336	84	1360	0	724	628	0	112	400	
0	512	304	276	0	800	512	1348	640	432	0	484	
1604	640	544	0	1072	484	192	0	4	272	496	0	
352	4	864	676	1744	0	800	0	320	0	356	192	
356	32	752	560	80	1024	752	0	328	352	32	192	
84	240	400	640	244	192	304	352	352	1636	352	400	
1120	352	832	432	4	0	0	112	804	1108	304	272	
644	912	244	480	1076	256	160	240	960	0	304	0	
164	480	0	640	276	432	1312	0	4	592	64	1312	
0	756	320	432	324	112	80	500	640	800	0	1280	
240	4	960	240	480	996	432	672	0	164	832	224	
244	0	0	720	148	880	756	0	736	320	1440	32	
432	1072	832	912	80	564	0	788	160	196	0	160	
400	196	644	320	832	240	384	800	80	0	948	400	
916	960	640	912	596	0	644	0	80	176	192	160	
672	592	80	276	0	384	356	800	0	272	1072	836	
724	624	112	640	384	640	720	0	520	240	0	320	
720	944	560	800	436	0	464	32	276	324	240	192	
0	244	1552	720	244	512	352	32	0	384	516	592	
912	760	560	0	528	720	320	32	560	240	388	0	
512	672	496	400	244	4	436	1232	240	160	800	0	
480	512	272	836	404	1280	0	820	144	512	80	0	
512	164	800	544	0	352	32	0	80	1124	544	1028	
960	480	0	800	480	160	192	480	164	880	120	528	
1028	320	240	244	112	112	480	720	240	560	164	800	
480	1124	176	0	80	592	1280	832	0	80	40	560	
704	480	164	720	64	160	356	160	704	0	1120	596	
320	272	864	0	1120	80	192	884	512	436	628	0	
196	160	880	480	276	160	80	832	640	224	960	196	
192	944	832	0	544	432	272	88	240	480	960	4	
164	0	356	80	356	0	192	240	784	1760	272	592	
192	2000	112	112	32	880	400	756	64	0	280	0	
400	0	160	672	0	356	720	992	592	912	468	4	
84	0	164	244	720	272	640	0	544	896	496	1280	
724	1200	244	112	432	0	560	68	1200	272	464	0	
1760	480	168	0	84	80	176	544	192	80	480	864	
272	920	0	160	160	640	464	404	992	80	352	864	
0	800	192	0	832	512	0	644	404	192	676	944	
640	964	432	144	164	192	352	436	0	1200	80	672	
80	84	992	992	224	0	1076	480	276	112	960	0	
32	784	992	356	0	112	408	192	880	432	352	800	
1632	884	0	352	256	468	0	0	400	560	400	4	
800	240	752	0	36	800	0	480	952	32	640	352	
304	1320	400	0	432	832	80	960	84	512	0	416	
1120	0	544	240	752	880	192	0	244	228	912	196	
244	1232	160	1040	32	80	224	0	1360	32	840	0	
116	272	992	0	832	832	400	84	148	1040	352	0	
160	164	1712	200	192	480	112	512	320	0	1312	0	
240	192	80	0	948	320	352	724	544	1360	356	224	
1152	160	1280	4	272	704	116	80	384	80	164	80	
192	1044	240	0	640	752	240	752	240	352	596	228	
0	320	832	308	384	160	160	84	356	320	592	1600	
276	0	912	192	704	356	484	560	0	960	112	784	
192	0	432	992	272	880	916	1232	272	0	84	4	
32	160	880	1104	548	244	480	0	800	0	544	228	
240	1232	192	0	808	80	320	68	320	32	544	752	
160	0	36	1072	640	1392	304	0	80	644	868	112	
80	1152	672	832	32	320	164	360	880	752	32	0	
512	512	0	800	0	160	160	1960	32	468	160	480	
84	352	272	32	868	352	800	1524	192	0	80	784	
244	0	752	176	0	1104	1284	400	720	192	240	196	
960	1152	64	0	1028	0	272	324	240	144	960	164	
576	320	272	0	1360	164	164	1824	160	388	0	80	
80	0	832	592	484	80	400	720	176	324	992	596	
0	704	804	784	1024	272	160	0	0	640	548	404	
356	512	84	1204	1024	0	304	320	160	640	736	0	
320	84	480	512	112	432	352	0	160	548	884	1360	
0	0	304	1152	352	356	840	1056	0	80	320	880	
84	324	1072	160	480	64	32	1104	272	864	484	400	
